source target w
0 21 1
0 39 1
0 85 1
0 106 1
0 127 1
0 146 1
0 152 1
0 164 1
0 354 1
1 5 1
1 11 1
1 13 1
1 20 1
1 21 1
1 23 1
1 36 1
1 102 1
1 160 1
2 30 1
2 74 1
2 104 1
2 117 1
2 243 1
2 350 1
2 446 1
2 452 1
2 497 1
3 45 1
3 66 1
3 101 1
3 129 1
3 150 1
3 163 1
3 164 1
3 208 1
3 234 1
3 368 1
3 455 1
4 63 1
4 152 1
4 172 1
4 258 1
4 458 1
5 1 1
5 16 1
5 78 1
5 87 1
5 109 1
5 150 1
5 178 1
5 240 1
5 273 1
5 300 1
5 353 1
6 37 1
6 40 1
6 43 1
6 61 1
6 74 1
6 75 1
6 82 1
6 85 1
6 92 1
6 109 1
6 120 1
6 215 1
6 245 1
6 281 1
6 359 1
7 19 1
7 36 1
7 62 1
7 82 1
7 92 1
7 135 1
7 148 1
7 176 1
7 304 1
7 478 1
8 48 1
8 89 1
8 92 1
8 96 1
8 108 1
8 114 1
8 126 1
8 149 1
8 161 1
8 185 1
8 343 1
8 375 1
9 16 1
9 60 1
9 67 1
9 74 1
9 89 1
9 92 1
9 110 1
9 135 1
9 139 1
9 140 1
9 145 1
9 298 1
9 350 1
9 495 1
10 6 1
10 44 1
10 45 1
10 100 1
10 124 1
10 145 1
10 154 1
10 395 1
11 34 1
11 43 1
11 68 1
11 73 1
11 75 1
11 79 1
11 96 1
11 142 1
11 145 1
11 266 1
11 353 1
11 438 1
11 470 1
12 68 1
12 91 1
12 104 1
12 106 1
12 108 1
12 244 1
12 483 1
13 25 1
13 69 1
13 97 1
13 487 1
14 5 1
14 67 1
14 96 1
14 106 1
14 118 1
14 126 1
14 131 1
14 144 1
14 153 1
14 248 1
14 281 1
15 33 1
15 39 1
15 73 1
15 96 1
15 109 1
15 126 1
15 130 1
15 169 1
15 197 1
15 202 1
15 302 1
15 437 1
16 99 1
16 126 1
16 129 1
16 134 1
16 148 1
16 149 1
16 150 1
16 153 1
16 156 1
16 354 1
16 375 1
16 395 1
17 44 1
17 67 1
17 97 1
17 113 1
17 131 1
17 200 1
17 209 1
17 293 1
17 307 1
17 326 1
17 368 1
17 497 1
18 33 1
18 59 1
18 64 1
18 80 1
18 94 1
18 226 1
19 15 1
19 17 1
19 29 1
19 30 1
19 39 1
19 87 1
19 139 1
19 155 1
19 338 1
19 385 1
20 9 1
20 66 1
20 91 1
20 155 1
20 256 1
20 378 1
20 403 1
21 16 1
21 37 1
21 51 1
21 81 1
21 98 1
21 137 1
21 159 1
21 171 1
21 227 1
21 330 1
21 444 1
22 26 1
22 70 1
22 81 1
22 95 1
22 101 1
22 149 1
22 188 1
22 233 1
22 435 1
23 24 1
23 25 1
23 56 1
23 94 1
23 103 1
23 134 1
23 139 1
23 154 1
23 155 1
23 253 1
23 285 1
23 339 1
23 405 1
24 1 1
24 7 1
24 18 1
24 74 1
24 75 1
24 78 1
24 108 1
24 124 1
24 150 1
24 326 1
24 335 1
24 413 1
25 16 1
25 26 1
25 60 1
25 72 1
25 91 1
25 97 1
25 109 1
25 178 1
25 402 1
26 25 1
26 68 1
26 82 1
26 110 1
26 460 1
27 3 1
27 43 1
27 116 1
27 121 1
27 127 1
27 157 1
27 162 1
27 169 1
27 335 1
28 34 1
28 75 1
28 83 1
28 129 1
28 156 1
28 163 1
28 255 1
28 292 1
28 452 1
29 25 1
29 28 1
29 35 1
29 45 1
29 62 1
29 73 1
29 79 1
29 84 1
29 91 1
29 125 1
29 129 1
29 159 1
29 185 1
29 300 1
29 420 1
29 448 1
30 50 1
30 54 1
30 72 1
30 75 1
30 93 1
30 98 1
30 110 1
30 152 1
30 395 1
30 433 1
31 28 1
31 55 1
31 60 1
31 83 1
31 105 1
31 137 1
31 165 1
31 415 1
31 474 1
32 9 1
32 17 1
32 34 1
32 50 1
32 99 1
32 101 1
32 128 1
32 131 1
32 142 1
32 145 1
32 149 1
32 155 1
32 322 1
32 396 1
33 25 1
33 31 1
33 80 1
33 95 1
33 101 1
33 129 1
33 191 1
33 222 1
33 365 1
33 376 1
34 73 1
34 113 1
34 130 1
34 154 1
34 262 1
35 22 1
35 53 1
35 59 1
35 81 1
35 93 1
35 108 1
35 110 1
35 111 1
35 113 1
35 156 1
35 187 1
35 201 1
35 251 1
35 375 1
35 491 1
36 0 1
36 13 1
36 48 1
36 88 1
36 94 1
36 105 1
36 137 1
36 143 1
36 150 1
36 229 1
36 385 1
36 437 1
36 453 1
37 5 1
37 19 1
37 31 1
37 62 1
37 66 1
37 80 1
37 141 1
37 149 1
37 158 1
37 490 1
38 10 1
38 26 1
38 53 1
38 96 1
38 110 1
38 118 1
38 135 1
38 147 1
38 162 1
38 196 1
38 241 1
38 325 1
38 376 1
38 439 1
38 488 1
38 493 1
39 5 1
39 52 1
39 55 1
39 101 1
39 124 1
39 198 1
39 374 1
39 385 1
39 449 1
40 34 1
40 56 1
40 62 1
40 71 1
40 124 1
40 186 1
40 236 1
40 305 1
40 337 1
41 34 1
41 85 1
41 87 1
41 112 1
41 152 1
41 219 1
41 259 1
41 356 1
41 366 1
41 449 1
41 482 1
41 494 1
42 29 1
42 58 1
42 67 1
42 145 1
42 147 1
42 161 1
42 190 1
42 212 1
43 49 1
43 95 1
43 124 1
43 145 1
43 151 1
43 189 1
43 220 1
43 421 1
44 56 1
44 58 1
44 59 1
44 78 1
44 83 1
44 121 1
44 123 1
44 128 1
44 226 1
44 263 1
45 42 1
45 80 1
45 85 1
45 136 1
45 217 1
45 238 1
45 260 1
46 24 1
46 41 1
46 69 1
46 83 1
46 103 1
46 107 1
46 115 1
46 138 1
46 146 1
46 163 1
46 318 1
46 372 1
46 377 1
47 23 1
47 28 1
47 49 1
47 70 1
47 117 1
47 127 1
47 151 1
47 186 1
47 188 1
47 191 1
47 203 1
47 266 1
47 362 1
48 37 1
48 46 1
48 58 1
48 76 1
48 134 1
48 152 1
48 309 1
49 0 1
49 26 1
49 95 1
49 111 1
49 118 1
49 144 1
49 331 1
49 410 1
50 15 1
50 22 1
50 25 1
50 52 1
50 109 1
50 161 1
50 225 1
50 251 1
50 289 1
50 293 1
50 373 1
51 6 1
51 11 1
51 14 1
51 15 1
51 33 1
51 53 1
51 79 1
51 109 1
51 110 1
51 133 1
51 135 1
51 207 1
51 255 1
51 386 1
51 407 1
51 445 1
51 470 1
52 107 1
52 120 1
52 126 1
52 129 1
52 149 1
52 150 1
52 154 1
52 172 1
52 302 1
52 330 1
52 370 1
52 442 1
52 487 1
53 1 1
53 8 1
53 40 1
53 47 1
53 85 1
53 86 1
53 118 1
53 152 1
53 165 1
53 186 1
53 197 1
53 315 1
53 493 1
54 2 1
54 22 1
54 48 1
54 57 1
54 107 1
54 123 1
54 152 1
54 184 1
54 427 1
54 431 1
55 40 1
55 41 1
55 68 1
55 124 1
55 140 1
55 143 1
55 155 1
55 227 1
55 260 1
55 388 1
56 12 1
56 24 1
56 26 1
56 28 1
56 29 1
56 62 1
56 69 1
56 97 1
56 107 1
56 135 1
56 246 1
56 476 1
57 0 1
57 53 1
57 54 1
57 78 1
57 147 1
57 153 1
57 228 1
57 350 1
57 452 1
58 33 1
58 37 1
58 83 1
58 89 1
58 162 1
58 274 1
58 352 1
58 408 1
59 15 1
59 25 1
59 34 1
59 41 1
59 78 1
59 134 1
59 140 1
59 159 1
59 168 1
59 273 1
59 278 1
59 412 1
60 1 1
60 51 1
60 58 1
60 94 1
60 129 1
60 150 1
60 160 1
60 199 1
60 200 1
61 19 1
61 63 1
61 89 1
61 96 1
61 153 1
61 257 1
61 292 1
62 32 1
62 34 1
62 42 1
62 45 1
62 52 1
62 66 1
62 94 1
62 99 1
62 135 1
62 232 1
62 246 1
62 459 1
63 16 1
63 35 1
63 59 1
63 62 1
63 73 1
63 81 1
63 98 1
63 101 1
63 120 1
63 126 1
63 161 1
63 351 1
63 352 1
63 417 1
63 443 1
64 8 1
64 11 1
64 87 1
64 109 1
64 115 1
64 119 1
64 279 1
64 373 1
65 6 1
65 36 1
65 38 1
65 70 1
65 150 1
65 158 1
65 324 1
65 497 1
66 2 1
66 42 1
66 46 1
66 62 1
66 64 1
66 82 1
66 101 1
66 120 1
66 297 1
66 320 1
66 323 1
66 373 1
66 380 1
66 382 1
66 493 1
67 17 1
67 30 1
67 41 1
67 43 1
67 74 1
67 85 1
67 89 1
67 108 1
67 135 1
67 147 1
67 208 1
67 216 1
68 12 1
68 15 1
68 17 1
68 34 1
68 101 1
68 105 1
68 136 1
68 137 1
69 6 1
69 62 1
69 70 1
70 61 1
70 102 1
70 113 1
70 217 1
70 244 1
70 355 1
70 419 1
71 5 1
71 6 1
71 58 1
71 63 1
71 88 1
71 110 1
71 129 1
71 134 1
71 139 1
71 294 1
71 417 1
72 5 1
72 27 1
72 47 1
72 76 1
72 79 1
72 145 1
72 166 1
72 242 1
72 371 1
72 389 1
72 478 1
73 5 1
73 16 1
73 27 1
73 68 1
73 80 1
73 128 1
73 129 1
73 307 1
73 335 1
73 410 1
73 456 1
74 4 1
74 26 1
74 30 1
74 35 1
74 73 1
74 110 1
74 135 1
74 141 1
74 183 1
74 190 1
74 224 1
74 259 1
74 327 1
74 355 1
75 0 1
75 67 1
75 88 1
75 89 1
75 141 1
75 148 1
75 164 1
75 412 1
76 14 1
76 33 1
76 126 1
76 129 1
76 144 1
76 149 1
76 206 1
76 319 1
76 338 1
76 406 1
76 466 1
76 480 1
76 498 1
77 1 1
77 25 1
77 43 1
77 46 1
77 70 1
77 128 1
77 135 1
77 375 1
78 19 1
78 39 1
78 47 1
78 50 1
78 76 1
78 91 1
78 97 1
78 109 1
78 126 1
78 132 1
78 145 1
78 156 1
78 371 1
78 491 1
79 12 1
79 25 1
79 33 1
79 47 1
79 57 1
79 93 1
79 95 1
79 104 1
79 159 1
79 416 1
79 456 1
80 18 1
80 24 1
80 28 1
80 50 1
80 61 1
80 63 1
80 84 1
80 86 1
80 101 1
80 123 1
80 128 1
80 143 1
80 153 1
80 159 1
80 176 1
80 189 1
80 375 1
80 416 1
81 6 1
81 63 1
81 93 1
81 137 1
81 296 1
81 355 1
81 474 1
81 493 1
81 498 1
82 4 1
82 12 1
82 71 1
82 108 1
82 153 1
82 163 1
82 164 1
82 166 1
82 291 1
82 302 1
82 389 1
83 8 1
83 112 1
83 119 1
83 131 1
83 139 1
83 143 1
83 252 1
83 290 1
83 479 1
84 6 1
84 7 1
84 27 1
84 29 1
84 63 1
84 94 1
84 112 1
84 115 1
84 119 1
84 120 1
84 121 1
84 124 1
84 198 1
84 268 1
84 369 1
85 2 1
85 10 1
85 38 1
85 43 1
85 48 1
85 50 1
85 91 1
85 495 1
86 20 1
86 44 1
86 67 1
86 81 1
86 87 1
86 91 1
86 117 1
86 136 1
86 155 1
86 330 1
86 352 1
86 354 1
87 60 1
87 76 1
87 81 1
87 82 1
87 89 1
87 106 1
87 109 1
87 144 1
87 153 1
87 212 1
87 382 1
88 0 1
88 2 1
88 6 1
88 10 1
88 31 1
88 33 1
88 41 1
88 46 1
88 69 1
88 81 1
88 111 1
88 292 1
88 306 1
88 376 1
88 438 1
89 8 1
89 10 1
89 38 1
89 63 1
89 107 1
89 120 1
89 139 1
89 142 1
89 144 1
89 158 1
89 183 1
89 327 1
89 329 1
89 416 1
90 7 1
90 70 1
90 91 1
90 137 1
90 152 1
90 291 1
90 382 1
90 467 1
90 489 1
91 36 1
91 37 1
91 55 1
91 62 1
91 77 1
91 81 1
91 100 1
91 130 1
91 133 1
91 151 1
91 210 1
91 329 1
92 1 1
92 4 1
92 11 1
92 20 1
92 56 1
92 60 1
92 78 1
92 81 1
92 89 1
92 91 1
92 121 1
92 136 1
92 149 1
92 152 1
92 252 1
92 388 1
92 466 1
93 27 1
93 28 1
93 102 1
93 103 1
93 119 1
93 147 1
93 150 1
93 183 1
93 297 1
93 438 1
94 7 1
94 93 1
94 184 1
95 13 1
95 20 1
95 119 1
95 146 1
95 160 1
95 250 1
95 313 1
95 411 1
96 1 1
96 17 1
96 82 1
96 116 1
96 131 1
96 140 1
96 149 1
96 189 1
96 195 1
97 0 1
97 7 1
97 43 1
97 53 1
97 67 1
97 119 1
97 125 1
97 142 1
97 159 1
97 184 1
97 242 1
97 387 1
98 24 1
98 44 1
98 77 1
98 120 1
98 121 1
98 133 1
98 185 1
98 206 1
98 217 1
98 292 1
98 327 1
99 17 1
99 117 1
99 118 1
99 133 1
99 141 1
99 162 1
99 302 1
99 310 1
99 397 1
99 409 1
100 19 1
100 75 1
100 105 1
100 111 1
100 157 1
100 177 1
100 232 1
100 259 1
100 301 1
100 469 1
101 47 1
101 50 1
101 342 1
101 385 1
102 1 1
102 13 1
102 54 1
102 69 1
102 82 1
102 83 1
102 87 1
102 104 1
102 119 1
102 136 1
102 142 1
102 374 1
102 425 1
103 21 1
103 37 1
103 63 1
103 72 1
103 109 1
103 150 1
103 162 1
103 198 1
103 281 1
103 342 1
104 6 1
104 13 1
104 15 1
104 65 1
104 73 1
104 74 1
104 76 1
104 77 1
104 91 1
104 143 1
104 149 1
104 205 1
104 312 1
104 372 1
105 32 1
105 45 1
105 108 1
105 116 1
105 134 1
105 143 1
105 145 1
105 150 1
105 157 1
105 166 1
105 173 1
105 183 1
105 202 1
105 217 1
105 376 1
105 430 1
105 495 1
106 17 1
106 101 1
106 128 1
106 152 1
106 163 1
106 164 1
106 170 1
106 214 1
106 239 1
106 362 1
106 490 1
107 43 1
107 75 1
107 79 1
107 96 1
107 119 1
107 150 1
107 330 1
107 482 1
108 33 1
108 46 1
108 50 1
108 51 1
108 54 1
108 93 1
108 150 1
108 161 1
108 190 1
108 266 1
108 484 1
109 16 1
109 80 1
109 111 1
109 141 1
109 146 1
109 154 1
109 448 1
110 30 1
110 32 1
110 45 1
110 49 1
110 276 1
110 278 1
110 352 1
110 475 1
110 490 1
111 8 1
111 13 1
111 36 1
111 52 1
111 55 1
111 57 1
111 70 1
111 72 1
111 153 1
111 164 1
111 258 1
112 17 1
112 28 1
112 46 1
112 51 1
112 62 1
112 63 1
112 64 1
112 69 1
112 71 1
112 103 1
112 121 1
112 142 1
112 149 1
112 312 1
112 346 1
113 16 1
113 93 1
113 157 1
113 218 1
113 395 1
113 453 1
114 0 1
114 4 1
114 69 1
114 72 1
114 76 1
114 123 1
114 204 1
114 208 1
115 24 1
115 36 1
115 48 1
115 105 1
115 114 1
115 133 1
115 159 1
115 370 1
116 12 1
116 52 1
116 61 1
116 63 1
116 80 1
116 83 1
116 96 1
116 122 1
117 15 1
117 37 1
117 57 1
117 83 1
117 132 1
117 154 1
117 155 1
117 162 1
117 235 1
117 270 1
117 288 1
117 452 1
118 2 1
118 13 1
118 38 1
118 40 1
118 100 1
118 200 1
118 334 1
118 474 1
119 16 1
119 50 1
119 74 1
119 145 1
119 204 1
119 321 1
119 418 1
120 8 1
120 11 1
120 62 1
120 68 1
120 69 1
120 91 1
120 141 1
120 146 1
120 158 1
120 216 1
120 269 1
120 273 1
120 494 1
121 27 1
121 52 1
121 65 1
121 152 1
121 156 1
121 334 1
121 442 1
122 129 1
122 135 1
122 220 1
122 235 1
122 297 1
122 319 1
122 472 1
123 29 1
123 108 1
123 119 1
123 167 1
123 306 1
123 480 1
124 20 1
124 21 1
124 53 1
124 68 1
124 132 1
124 137 1
124 158 1
124 194 1
124 304 1
124 306 1
124 371 1
124 402 1
125 39 1
125 53 1
125 71 1
125 82 1
125 140 1
125 147 1
125 313 1
125 359 1
125 438 1
125 439 1
126 1 1
126 45 1
126 67 1
126 73 1
126 88 1
126 96 1
126 106 1
126 114 1
126 148 1
126 155 1
126 163 1
126 170 1
126 187 1
126 235 1
126 279 1
127 1 1
127 99 1
127 119 1
127 155 1
127 161 1
127 300 1
127 382 1
127 432 1
127 443 1
127 475 1
127 481 1
128 11 1
128 44 1
128 65 1
128 79 1
128 115 1
128 116 1
128 155 1
128 163 1
128 195 1
128 240 1
128 247 1
128 261 1
128 316 1
128 336 1
128 401 1
128 418 1
129 84 1
129 151 1
129 167 1
129 208 1
129 417 1
129 443 1
130 7 1
130 10 1
130 26 1
130 36 1
130 39 1
130 117 1
130 120 1
130 145 1
130 148 1
130 150 1
130 212 1
130 352 1
130 356 1
130 484 1
131 27 1
131 31 1
131 43 1
131 53 1
131 72 1
131 116 1
131 138 1
131 144 1
131 415 1
131 423 1
131 441 1
132 9 1
132 19 1
132 24 1
132 70 1
132 73 1
132 105 1
132 115 1
132 124 1
132 145 1
132 154 1
132 205 1
132 235 1
132 373 1
133 20 1
133 40 1
133 47 1
133 87 1
133 95 1
133 112 1
133 113 1
133 114 1
133 165 1
134 12 1
134 47 1
134 68 1
134 73 1
134 118 1
134 120 1
134 138 1
134 306 1
135 0 1
135 10 1
135 45 1
135 79 1
135 85 1
135 97 1
135 128 1
135 247 1
135 250 1
135 478 1
135 494 1
136 2 1
136 11 1
136 22 1
136 75 1
136 121 1
136 125 1
136 126 1
136 154 1
136 200 1
136 237 1
136 272 1
136 411 1
136 416 1
137 34 1
137 81 1
137 94 1
137 96 1
137 104 1
137 113 1
137 124 1
137 155 1
137 214 1
137 227 1
137 305 1
138 29 1
138 73 1
138 82 1
138 102 1
138 109 1
138 116 1
138 146 1
138 152 1
138 169 1
138 229 1
138 246 1
138 304 1
138 350 1
138 388 1
138 451 1
139 19 1
139 30 1
139 64 1
139 82 1
139 107 1
139 108 1
139 125 1
139 129 1
139 130 1
139 153 1
139 206 1
139 208 1
139 229 1
139 289 1
139 385 1
140 59 1
140 64 1
140 76 1
140 120 1
140 133 1
140 155 1
140 204 1
140 210 1
140 376 1
140 403 1
140 430 1
140 452 1
141 0 1
141 15 1
141 32 1
141 35 1
141 74 1
141 75 1
141 93 1
141 103 1
141 107 1
141 109 1
141 128 1
141 131 1
141 171 1
141 198 1
142 20 1
142 23 1
142 33 1
142 34 1
142 95 1
142 137 1
142 153 1
142 162 1
142 194 1
142 275 1
142 280 1
142 348 1
142 400 1
143 3 1
143 36 1
143 46 1
143 117 1
143 133 1
143 147 1
143 152 1
143 165 1
143 166 1
143 340 1
143 342 1
143 393 1
143 464 1
144 12 1
144 61 1
144 74 1
144 110 1
144 112 1
144 114 1
144 119 1
144 121 1
144 160 1
144 360 1
145 39 1
145 59 1
145 78 1
145 86 1
145 101 1
145 108 1
145 118 1
145 123 1
145 135 1
145 148 1
145 160 1
145 227 1
145 346 1
145 494 1
146 45 1
146 79 1
146 90 1
146 109 1
146 124 1
146 222 1
146 284 1
146 428 1
147 40 1
147 85 1
147 87 1
147 94 1
147 119 1
147 138 1
147 198 1
147 218 1
147 310 1
147 316 1
148 4 1
148 32 1
148 52 1
148 129 1
148 134 1
148 144 1
148 158 1
148 361 1
148 406 1
149 17 1
149 20 1
149 60 1
149 73 1
149 81 1
149 100 1
149 212 1
149 302 1
149 407 1
149 482 1
149 499 1
150 8 1
150 63 1
150 75 1
150 89 1
150 97 1
150 129 1
150 172 1
150 473 1
151 1 1
151 20 1
151 34 1
151 68 1
151 111 1
151 152 1
151 181 1
151 206 1
151 248 1
151 312 1
151 485 1
152 17 1
152 18 1
152 32 1
152 62 1
152 95 1
152 112 1
152 119 1
152 123 1
152 140 1
152 149 1
152 158 1
152 480 1
153 49 1
153 59 1
153 82 1
153 106 1
153 124 1
153 147 1
153 387 1
153 425 1
154 5 1
154 7 1
154 28 1
154 34 1
154 76 1
154 97 1
154 122 1
154 126 1
154 146 1
154 149 1
154 150 1
154 218 1
154 244 1
154 247 1
154 271 1
154 307 1
154 317 1
154 340 1
154 371 1
154 450 1
154 463 1
155 16 1
155 82 1
155 97 1
155 100 1
155 110 1
155 219 1
156 57 1
156 61 1
156 65 1
156 69 1
156 72 1
156 89 1
156 98 1
156 158 1
156 381 1
156 400 1
156 499 1
157 22 1
157 30 1
157 48 1
157 52 1
157 58 1
157 82 1
157 127 1
157 128 1
157 141 1
157 239 1
157 311 1
157 352 1
157 406 1
157 451 1
158 77 1
158 107 1
158 112 1
159 2 1
159 16 1
159 37 1
159 44 1
159 58 1
159 71 1
159 82 1
159 155 1
159 200 1
159 330 1
159 333 1
159 409 1
159 466 1
159 499 1
160 6 1
160 33 1
160 51 1
160 52 1
160 67 1
160 74 1
160 80 1
160 95 1
160 96 1
160 98 1
160 131 1
160 440 1
160 481 1
161 40 1
161 70 1
161 82 1
161 117 1
161 153 1
161 162 1
161 213 1
162 10 1
162 28 1
162 83 1
162 96 1
162 100 1
162 105 1
162 117 1
162 123 1
162 127 1
162 176 1
162 195 1
162 359 1
162 416 1
163 40 1
163 46 1
163 47 1
163 51 1
163 65 1
163 91 1
163 122 1
163 130 1
163 138 1
163 144 1
163 162 1
163 165 1
163 379 1
163 425 1
164 16 1
164 95 1
164 106 1
164 109 1
164 120 1
164 136 1
164 196 1
164 288 1
164 316 1
164 346 1
164 385 1
164 388 1
165 2 1
165 29 1
165 49 1
165 57 1
165 68 1
165 86 1
165 104 1
165 126 1
165 178 1
165 276 1
165 362 1
165 452 1
166 26 1
166 38 1
166 60 1
166 222 1
166 271 1
166 298 1
166 324 1
166 328 1
167 9 1
167 96 1
167 129 1
167 185 1
167 211 1
167 223 1
167 259 1
167 361 1
168 178 1
168 238 1
168 271 1
168 280 1
168 284 1
168 295 1
168 305 1
168 324 1
168 467 1
169 15 1
169 27 1
169 101 1
169 181 1
169 215 1
169 221 1
169 228 1
169 232 1
169 236 1
169 237 1
169 241 1
169 248 1
169 252 1
169 280 1
169 282 1
169 303 1
169 370 1
170 72 1
170 155 1
170 189 1
170 197 1
170 208 1
170 221 1
170 270 1
170 330 1
171 191 1
171 201 1
171 205 1
171 213 1
171 215 1
171 231 1
171 234 1
171 239 1
171 310 1
171 380 1
171 391 1
171 447 1
171 456 1
172 25 1
172 56 1
172 99 1
172 112 1
172 136 1
172 204 1
172 233 1
172 255 1
172 296 1
172 325 1
172 346 1
172 397 1
172 443 1
173 68 1
173 125 1
173 159 1
173 180 1
173 192 1
173 203 1
173 219 1
173 224 1
173 225 1
173 235 1
173 259 1
173 270 1
173 287 1
173 310 1
173 335 1
173 482 1
174 102 1
174 166 1
174 186 1
174 191 1
174 192 1
174 230 1
174 289 1
174 290 1
174 293 1
174 300 1
174 313 1
174 315 1
174 328 1
174 329 1
174 494 1
175 196 1
175 211 1
175 269 1
175 283 1
175 459 1
176 7 1
176 80 1
176 103 1
176 180 1
176 185 1
176 191 1
176 205 1
176 244 1
176 249 1
176 329 1
176 451 1
176 455 1
176 495 1
176 499 1
177 111 1
177 189 1
177 192 1
177 196 1
177 201 1
177 215 1
177 240 1
177 285 1
177 305 1
177 345 1
177 411 1
178 45 1
178 124 1
178 197 1
178 228 1
178 268 1
178 280 1
178 318 1
178 325 1
178 354 1
178 467 1
179 114 1
179 171 1
179 210 1
179 238 1
179 242 1
179 251 1
179 257 1
179 263 1
179 268 1
179 309 1
179 363 1
179 489 1
180 80 1
180 126 1
180 177 1
180 178 1
180 272 1
180 324 1
180 331 1
181 158 1
181 179 1
181 195 1
181 208 1
181 279 1
181 285 1
181 292 1
181 333 1
181 498 1
182 108 1
182 176 1
182 178 1
182 193 1
182 247 1
182 254 1
182 286 1
182 304 1
182 311 1
182 318 1
182 321 1
182 452 1
183 155 1
183 171 1
183 209 1
183 236 1
183 268 1
183 274 1
183 285 1
183 312 1
183 378 1
184 63 1
184 137 1
184 235 1
184 270 1
184 272 1
184 274 1
184 300 1
184 302 1
184 319 1
184 321 1
184 390 1
184 483 1
185 180 1
185 187 1
185 202 1
185 218 1
185 262 1
185 278 1
185 284 1
185 304 1
185 314 1
185 415 1
185 426 1
185 468 1
186 57 1
186 212 1
186 218 1
186 229 1
186 241 1
186 249 1
186 250 1
186 282 1
186 304 1
186 314 1
186 344 1
186 377 1
187 36 1
187 129 1
187 167 1
187 194 1
187 209 1
187 269 1
187 279 1
187 283 1
187 302 1
187 312 1
188 107 1
188 190 1
188 202 1
188 205 1
188 225 1
188 236 1
188 247 1
188 272 1
188 281 1
188 327 1
188 353 1
189 91 1
189 186 1
189 192 1
189 194 1
189 195 1
189 201 1
189 221 1
189 229 1
189 285 1
189 441 1
189 478 1
190 4 1
190 47 1
190 171 1
190 185 1
190 204 1
190 214 1
190 220 1
190 326 1
190 331 1
191 47 1
191 162 1
191 168 1
191 198 1
191 233 1
191 247 1
191 282 1
191 317 1
191 350 1
191 383 1
191 450 1
192 35 1
192 175 1
192 183 1
192 215 1
192 221 1
192 227 1
192 269 1
192 287 1
192 304 1
192 316 1
192 329 1
192 452 1
193 186 1
193 194 1
193 195 1
193 203 1
193 224 1
193 267 1
193 463 1
193 496 1
194 179 1
194 208 1
194 240 1
194 252 1
194 257 1
194 262 1
194 270 1
194 275 1
194 299 1
194 312 1
194 453 1
195 35 1
195 110 1
195 126 1
195 179 1
195 202 1
195 208 1
195 231 1
195 242 1
195 256 1
195 271 1
195 313 1
195 322 1
195 327 1
195 347 1
195 463 1
196 46 1
196 90 1
196 91 1
196 99 1
196 122 1
196 169 1
196 177 1
196 231 1
196 258 1
196 259 1
196 275 1
196 280 1
196 284 1
196 288 1
196 289 1
196 293 1
196 302 1
196 323 1
196 347 1
197 53 1
197 66 1
197 180 1
197 182 1
197 188 1
197 196 1
197 216 1
197 251 1
197 282 1
197 286 1
197 298 1
197 308 1
197 331 1
197 400 1
197 436 1
197 454 1
198 134 1
198 196 1
198 211 1
198 235 1
198 255 1
198 264 1
198 280 1
198 285 1
198 306 1
198 326 1
198 445 1
199 90 1
199 200 1
199 215 1
199 223 1
199 246 1
199 256 1
199 273 1
199 281 1
200 1 1
200 18 1
200 27 1
200 207 1
200 212 1
200 213 1
200 230 1
200 236 1
200 245 1
200 250 1
200 265 1
200 266 1
200 278 1
200 340 1
200 374 1
200 489 1
201 42 1
201 60 1
201 189 1
201 221 1
201 252 1
201 273 1
201 275 1
201 290 1
201 308 1
201 326 1
202 15 1
202 64 1
202 192 1
202 205 1
202 290 1
202 305 1
202 320 1
203 110 1
203 186 1
203 198 1
203 237 1
203 246 1
203 257 1
203 260 1
203 261 1
203 302 1
203 322 1
203 349 1
203 379 1
203 425 1
203 455 1
204 63 1
204 119 1
204 140 1
204 157 1
204 191 1
204 202 1
204 206 1
204 260 1
204 264 1
204 267 1
204 281 1
204 291 1
204 300 1
204 316 1
204 332 1
205 14 1
205 165 1
205 190 1
205 201 1
205 212 1
205 247 1
205 300 1
205 316 1
205 318 1
205 324 1
205 378 1
205 459 1
205 464 1
206 7 1
206 11 1
206 203 1
206 239 1
206 252 1
206 266 1
206 275 1
206 285 1
206 305 1
206 313 1
206 366 1
206 387 1
206 489 1
207 93 1
207 189 1
207 212 1
207 303 1
207 335 1
207 408 1
208 104 1
208 139 1
208 180 1
208 188 1
208 220 1
208 224 1
208 240 1
208 266 1
208 269 1
208 323 1
208 345 1
208 467 1
208 485 1
208 488 1
209 187 1
209 189 1
209 194 1
209 246 1
209 280 1
209 304 1
209 319 1
209 472 1
210 167 1
210 174 1
210 186 1
210 191 1
210 213 1
210 233 1
210 239 1
210 244 1
210 247 1
210 268 1
210 272 1
210 290 1
210 313 1
210 351 1
210 423 1
210 442 1
211 81 1
211 190 1
211 193 1
211 201 1
211 219 1
211 263 1
211 301 1
211 306 1
211 322 1
211 348 1
211 399 1
212 71 1
212 84 1
212 143 1
212 173 1
212 176 1
212 193 1
212 218 1
212 233 1
212 278 1
212 483 1
213 31 1
213 177 1
213 218 1
213 220 1
213 237 1
213 242 1
213 268 1
213 271 1
213 291 1
213 305 1
213 321 1
214 32 1
214 118 1
214 156 1
214 181 1
214 211 1
214 228 1
214 275 1
214 291 1
214 300 1
214 308 1
214 327 1
214 328 1
214 429 1
215 92 1
215 112 1
215 143 1
215 176 1
215 194 1
215 198 1
215 231 1
215 264 1
215 283 1
215 299 1
215 304 1
215 320 1
215 322 1
215 339 1
215 344 1
216 175 1
216 206 1
216 246 1
216 322 1
216 327 1
216 376 1
216 392 1
216 443 1
217 47 1
217 179 1
217 187 1
217 204 1
217 213 1
217 231 1
217 235 1
217 236 1
217 250 1
217 259 1
217 265 1
217 278 1
217 394 1
217 465 1
218 147 1
218 167 1
218 180 1
218 185 1
218 203 1
218 211 1
218 216 1
218 239 1
218 263 1
218 276 1
218 293 1
218 306 1
218 314 1
218 331 1
219 1 1
219 55 1
219 156 1
219 159 1
219 169 1
219 173 1
219 175 1
219 197 1
219 248 1
219 275 1
219 368 1
219 388 1
219 398 1
220 2 1
220 141 1
220 217 1
220 231 1
220 235 1
220 254 1
220 286 1
220 293 1
220 302 1
220 310 1
220 311 1
220 319 1
220 320 1
220 437 1
220 480 1
221 59 1
221 118 1
221 125 1
221 169 1
221 191 1
221 199 1
221 200 1
221 206 1
221 214 1
221 266 1
222 41 1
222 43 1
222 171 1
222 180 1
222 190 1
222 217 1
222 247 1
222 252 1
222 260 1
222 263 1
222 271 1
222 279 1
222 285 1
222 429 1
222 494 1
222 496 1
223 69 1
223 171 1
223 195 1
223 197 1
223 216 1
223 302 1
223 313 1
224 8 1
224 136 1
224 206 1
224 212 1
224 241 1
224 282 1
224 288 1
224 307 1
224 308 1
224 328 1
224 343 1
224 491 1
225 94 1
225 151 1
225 173 1
225 194 1
225 209 1
225 210 1
225 218 1
225 231 1
225 257 1
225 270 1
225 272 1
225 440 1
226 44 1
226 74 1
226 148 1
226 170 1
226 188 1
226 193 1
226 197 1
226 218 1
226 224 1
226 232 1
226 239 1
226 241 1
226 246 1
226 256 1
226 276 1
226 280 1
226 295 1
226 299 1
226 313 1
226 318 1
226 333 1
226 371 1
227 85 1
227 113 1
227 133 1
227 144 1
227 149 1
227 166 1
227 201 1
227 230 1
227 235 1
227 246 1
227 247 1
227 289 1
227 296 1
227 308 1
227 309 1
227 326 1
227 330 1
228 37 1
228 87 1
228 115 1
228 151 1
228 191 1
228 217 1
228 281 1
228 294 1
228 330 1
228 410 1
228 440 1
228 454 1
229 176 1
229 177 1
229 197 1
229 254 1
229 264 1
229 273 1
229 299 1
229 320 1
229 443 1
229 449 1
230 15 1
230 89 1
230 132 1
230 145 1
230 171 1
230 193 1
230 195 1
230 229 1
230 238 1
230 274 1
230 285 1
230 293 1
230 312 1
230 314 1
230 322 1
230 331 1
231 169 1
231 171 1
231 202 1
231 232 1
231 250 1
231 255 1
231 319 1
231 447 1
232 62 1
232 234 1
232 237 1
232 247 1
232 273 1
232 282 1
232 328 1
232 359 1
232 388 1
233 22 1
233 27 1
233 193 1
233 257 1
233 261 1
233 265 1
233 271 1
233 296 1
233 309 1
233 319 1
233 325 1
233 374 1
233 420 1
234 116 1
234 152 1
234 179 1
234 189 1
234 206 1
234 214 1
234 219 1
234 277 1
234 280 1
234 282 1
234 482 1
235 5 1
235 84 1
235 156 1
235 166 1
235 241 1
235 262 1
235 274 1
235 281 1
235 282 1
235 293 1
235 301 1
235 321 1
235 325 1
235 329 1
235 404 1
235 409 1
235 437 1
236 83 1
236 97 1
236 129 1
236 218 1
236 228 1
236 230 1
236 237 1
236 295 1
236 306 1
237 168 1
237 173 1
237 176 1
237 188 1
237 195 1
237 238 1
237 289 1
237 297 1
237 318 1
237 325 1
237 335 1
237 364 1
238 153 1
238 182 1
238 254 1
238 257 1
238 273 1
238 294 1
238 319 1
238 321 1
238 393 1
238 428 1
239 25 1
239 35 1
239 79 1
239 144 1
239 168 1
239 246 1
239 251 1
239 261 1
239 290 1
239 294 1
239 306 1
239 321 1
239 408 1
240 224 1
240 252 1
240 295 1
240 308 1
240 352 1
240 380 1
240 481 1
241 144 1
241 166 1
241 185 1
241 225 1
241 298 1
241 307 1
241 325 1
241 333 1
241 374 1
241 442 1
242 66 1
242 175 1
242 177 1
242 186 1
242 189 1
242 227 1
242 235 1
242 253 1
242 261 1
242 269 1
242 286 1
242 312 1
242 330 1
243 41 1
243 49 1
243 56 1
243 61 1
243 101 1
243 239 1
243 244 1
243 246 1
243 282 1
243 288 1
243 321 1
243 392 1
243 404 1
243 421 1
244 70 1
244 122 1
244 147 1
244 154 1
244 158 1
244 176 1
244 223 1
244 248 1
244 258 1
244 274 1
244 312 1
245 200 1
245 217 1
245 313 1
245 370 1
245 432 1
245 480 1
246 52 1
246 58 1
246 171 1
246 193 1
246 202 1
246 223 1
246 272 1
246 303 1
246 313 1
246 369 1
246 372 1
246 375 1
246 471 1
247 31 1
247 156 1
247 168 1
247 173 1
247 202 1
247 215 1
247 274 1
247 280 1
247 283 1
247 295 1
247 304 1
247 323 1
247 348 1
247 390 1
248 3 1
248 96 1
248 101 1
248 144 1
248 166 1
248 176 1
248 277 1
248 313 1
248 318 1
248 414 1
248 415 1
248 433 1
248 435 1
249 69 1
249 162 1
249 251 1
249 268 1
249 314 1
249 326 1
249 498 1
250 169 1
250 175 1
250 197 1
250 211 1
250 217 1
250 239 1
250 248 1
250 252 1
250 268 1
250 282 1
250 304 1
250 331 1
250 423 1
251 104 1
251 179 1
251 190 1
251 205 1
251 239 1
252 4 1
252 117 1
252 180 1
252 204 1
252 206 1
252 225 1
252 229 1
252 251 1
252 261 1
252 264 1
252 283 1
252 304 1
252 329 1
252 411 1
252 471 1
252 474 1
253 24 1
253 52 1
253 165 1
253 234 1
253 251 1
253 257 1
253 263 1
253 302 1
253 324 1
253 352 1
253 369 1
253 394 1
254 60 1
254 108 1
254 145 1
254 174 1
254 180 1
254 183 1
254 189 1
254 197 1
254 215 1
254 220 1
254 286 1
254 308 1
254 319 1
254 403 1
255 203 1
255 211 1
255 237 1
255 254 1
255 354 1
256 42 1
256 202 1
256 218 1
256 245 1
256 252 1
256 286 1
256 292 1
256 319 1
256 329 1
256 346 1
256 477 1
257 171 1
257 183 1
257 204 1
257 210 1
257 252 1
257 265 1
257 266 1
257 305 1
257 317 1
257 355 1
258 18 1
258 29 1
258 232 1
258 251 1
258 253 1
258 257 1
258 293 1
258 298 1
258 378 1
258 459 1
259 109 1
259 127 1
259 171 1
259 190 1
259 196 1
259 210 1
259 216 1
259 235 1
259 252 1
259 279 1
259 281 1
259 331 1
260 87 1
260 170 1
260 175 1
260 219 1
260 222 1
260 235 1
260 236 1
260 304 1
260 333 1
261 60 1
261 186 1
261 191 1
261 225 1
261 242 1
261 246 1
261 254 1
261 273 1
261 277 1
261 305 1
261 390 1
261 490 1
262 21 1
262 140 1
262 179 1
262 194 1
262 195 1
262 223 1
262 241 1
262 263 1
262 283 1
262 325 1
262 423 1
263 76 1
263 196 1
263 221 1
263 223 1
263 253 1
263 254 1
263 272 1
264 62 1
264 120 1
264 132 1
264 152 1
264 169 1
264 174 1
264 179 1
264 184 1
264 192 1
264 194 1
264 204 1
264 229 1
264 234 1
264 266 1
264 276 1
264 282 1
264 305 1
264 315 1
264 326 1
264 330 1
264 345 1
265 115 1
265 168 1
265 176 1
265 187 1
265 206 1
265 252 1
266 181 1
266 191 1
266 204 1
266 206 1
266 222 1
266 224 1
266 244 1
266 295 1
266 443 1
267 12 1
267 175 1
267 229 1
267 237 1
267 242 1
267 244 1
267 250 1
267 271 1
267 327 1
267 391 1
267 456 1
267 470 1
268 32 1
268 88 1
268 155 1
268 183 1
268 193 1
268 199 1
268 202 1
268 218 1
268 219 1
268 280 1
269 120 1
269 173 1
269 175 1
269 181 1
269 212 1
269 224 1
269 228 1
269 233 1
269 267 1
269 309 1
269 311 1
269 347 1
269 479 1
270 194 1
270 195 1
270 210 1
270 246 1
270 272 1
270 282 1
270 306 1
270 474 1
271 176 1
271 188 1
271 194 1
271 213 1
271 217 1
271 220 1
271 225 1
271 280 1
271 315 1
271 321 1
271 398 1
271 402 1
271 432 1
272 0 1
272 20 1
272 116 1
272 164 1
272 177 1
272 188 1
272 196 1
272 201 1
272 219 1
272 231 1
272 245 1
272 266 1
272 328 1
272 401 1
273 34 1
273 120 1
273 176 1
273 192 1
273 201 1
273 212 1
273 245 1
273 263 1
273 368 1
274 21 1
274 161 1
274 200 1
274 226 1
274 242 1
274 263 1
274 264 1
274 266 1
274 279 1
274 285 1
274 469 1
274 497 1
275 61 1
275 118 1
275 187 1
275 190 1
275 221 1
275 232 1
275 238 1
275 248 1
275 255 1
275 288 1
275 439 1
275 473 1
276 25 1
276 61 1
276 97 1
276 169 1
276 197 1
276 208 1
276 223 1
276 237 1
276 258 1
276 285 1
276 290 1
276 331 1
277 227 1
277 265 1
277 374 1
277 439 1
277 491 1
278 78 1
278 200 1
278 232 1
278 254 1
278 282 1
278 308 1
278 312 1
278 420 1
279 97 1
279 146 1
279 230 1
279 233 1
279 237 1
279 240 1
279 313 1
279 322 1
279 323 1
279 387 1
279 395 1
279 416 1
280 142 1
280 178 1
280 186 1
280 212 1
280 270 1
280 294 1
280 318 1
280 431 1
281 135 1
281 177 1
281 178 1
281 199 1
281 233 1
281 259 1
281 261 1
281 282 1
281 293 1
281 296 1
282 240 1
282 260 1
282 276 1
282 285 1
282 286 1
282 302 1
282 304 1
283 29 1
283 100 1
283 140 1
283 167 1
283 174 1
283 175 1
283 185 1
283 211 1
283 273 1
283 355 1
283 388 1
283 419 1
284 53 1
284 85 1
284 92 1
284 156 1
284 166 1
284 230 1
284 268 1
284 296 1
284 304 1
284 310 1
284 428 1
284 490 1
285 24 1
285 228 1
285 314 1
285 359 1
286 119 1
286 176 1
286 183 1
286 186 1
286 210 1
286 216 1
286 232 1
286 244 1
286 252 1
286 254 1
286 290 1
286 305 1
286 327 1
287 159 1
287 205 1
287 220 1
287 223 1
287 226 1
287 237 1
287 255 1
287 265 1
287 266 1
287 297 1
287 320 1
287 321 1
287 358 1
288 14 1
288 181 1
288 238 1
288 286 1
288 299 1
288 414 1
289 6 1
289 50 1
289 174 1
289 175 1
289 189 1
289 211 1
289 229 1
289 234 1
289 238 1
289 240 1
289 272 1
289 292 1
289 446 1
289 473 1
290 83 1
290 94 1
290 112 1
290 170 1
290 206 1
290 216 1
290 230 1
290 233 1
290 239 1
290 254 1
290 305 1
290 311 1
290 331 1
291 166 1
291 196 1
291 206 1
291 227 1
291 253 1
291 259 1
291 277 1
291 337 1
291 433 1
291 449 1
292 37 1
292 161 1
292 183 1
292 188 1
292 192 1
292 218 1
292 223 1
292 257 1
292 270 1
292 288 1
292 290 1
292 318 1
292 333 1
292 375 1
292 376 1
292 435 1
293 14 1
293 54 1
293 58 1
293 160 1
293 166 1
293 246 1
293 276 1
293 284 1
293 301 1
293 307 1
293 311 1
293 315 1
293 316 1
293 446 1
294 28 1
294 34 1
294 173 1
294 198 1
294 218 1
294 238 1
294 241 1
294 242 1
294 269 1
294 275 1
294 276 1
294 284 1
294 320 1
294 350 1
295 5 1
295 64 1
295 136 1
295 169 1
295 246 1
295 290 1
295 300 1
295 310 1
295 353 1
295 461 1
296 52 1
296 148 1
296 180 1
296 187 1
296 220 1
296 233 1
296 266 1
296 286 1
296 317 1
296 331 1
297 138 1
297 212 1
297 226 1
297 240 1
297 241 1
297 247 1
297 271 1
297 280 1
297 294 1
297 381 1
297 390 1
298 161 1
298 171 1
298 185 1
298 235 1
298 239 1
298 242 1
298 251 1
298 257 1
298 258 1
298 272 1
298 286 1
298 299 1
298 303 1
298 304 1
298 321 1
299 5 1
299 168 1
299 175 1
299 198 1
299 220 1
299 228 1
299 231 1
299 273 1
299 300 1
299 416 1
299 435 1
300 54 1
300 167 1
300 174 1
300 195 1
300 200 1
300 216 1
300 245 1
300 257 1
300 261 1
300 305 1
300 324 1
300 432 1
301 42 1
301 71 1
301 104 1
301 148 1
301 180 1
301 194 1
301 203 1
301 213 1
301 225 1
301 247 1
301 267 1
301 288 1
301 292 1
301 319 1
301 386 1
302 121 1
302 142 1
302 182 1
302 204 1
302 210 1
302 219 1
302 226 1
302 241 1
302 287 1
302 303 1
302 312 1
302 325 1
302 328 1
302 399 1
302 418 1
302 440 1
302 448 1
302 478 1
303 50 1
303 171 1
303 172 1
303 178 1
303 208 1
303 253 1
303 313 1
303 317 1
303 364 1
303 427 1
303 460 1
304 54 1
304 182 1
304 217 1
304 228 1
304 245 1
304 274 1
304 310 1
304 395 1
304 472 1
305 208 1
305 224 1
305 252 1
305 258 1
305 276 1
305 285 1
305 311 1
306 51 1
306 74 1
306 128 1
306 130 1
306 204 1
306 221 1
306 254 1
306 259 1
306 274 1
306 298 1
306 387 1
307 28 1
307 48 1
307 88 1
307 108 1
307 193 1
307 205 1
307 227 1
307 240 1
307 289 1
307 302 1
307 313 1
307 319 1
307 452 1
308 192 1
308 205 1
308 207 1
308 229 1
308 237 1
308 240 1
308 254 1
308 278 1
308 300 1
308 304 1
308 312 1
308 347 1
308 359 1
308 413 1
308 489 1
309 19 1
309 174 1
309 184 1
309 222 1
309 230 1
309 231 1
309 233 1
309 267 1
309 300 1
309 316 1
310 83 1
310 147 1
310 174 1
310 197 1
310 201 1
310 248 1
310 269 1
310 279 1
310 289 1
310 300 1
310 323 1
310 324 1
310 462 1
311 121 1
311 172 1
311 201 1
311 206 1
311 207 1
311 214 1
311 220 1
311 236 1
311 241 1
311 246 1
311 252 1
311 261 1
311 287 1
311 299 1
311 307 1
311 308 1
311 426 1
311 427 1
311 447 1
311 454 1
312 175 1
312 183 1
312 191 1
312 194 1
312 217 1
312 241 1
312 244 1
312 248 1
312 255 1
312 273 1
312 277 1
312 306 1
312 319 1
312 333 1
312 362 1
312 418 1
312 430 1
313 91 1
313 168 1
313 172 1
313 272 1
313 299 1
313 310 1
313 318 1
313 344 1
313 455 1
314 9 1
314 32 1
314 83 1
314 168 1
314 169 1
314 206 1
314 221 1
314 244 1
314 262 1
314 265 1
314 323 1
314 402 1
315 194 1
315 199 1
315 208 1
315 219 1
315 230 1
315 242 1
315 249 1
315 250 1
315 311 1
315 414 1
315 479 1
316 89 1
316 101 1
316 219 1
316 276 1
316 310 1
316 311 1
317 90 1
317 172 1
317 237 1
317 244 1
317 249 1
317 264 1
317 292 1
317 303 1
317 313 1
317 331 1
318 43 1
318 54 1
318 188 1
318 268 1
318 289 1
319 69 1
319 73 1
319 87 1
319 173 1
319 220 1
319 234 1
319 254 1
319 279 1
319 280 1
319 281 1
319 312 1
319 360 1
320 38 1
320 158 1
320 185 1
320 210 1
320 232 1
320 240 1
320 248 1
320 292 1
320 294 1
320 314 1
320 387 1
320 422 1
320 443 1
321 1 1
321 13 1
321 111 1
321 188 1
321 206 1
321 232 1
321 245 1
321 267 1
321 272 1
321 293 1
321 384 1
322 31 1
322 53 1
322 84 1
322 166 1
322 190 1
322 215 1
322 319 1
322 430 1
322 454 1
322 464 1
323 14 1
323 32 1
323 167 1
323 210 1
323 237 1
323 254 1
323 442 1
324 147 1
324 160 1
324 175 1
324 198 1
324 215 1
324 226 1
324 244 1
324 266 1
324 272 1
324 298 1
324 310 1
324 322 1
324 323 1
324 353 1
324 375 1
324 379 1
325 178 1
325 188 1
325 199 1
325 243 1
325 252 1
325 266 1
325 287 1
325 292 1
325 386 1
325 410 1
326 175 1
326 196 1
326 213 1
326 240 1
326 260 1
326 290 1
326 331 1
326 494 1
327 89 1
327 103 1
327 162 1
327 174 1
327 195 1
327 248 1
327 258 1
327 273 1
327 277 1
327 282 1
327 299 1
327 314 1
327 331 1
328 7 1
328 180 1
328 217 1
328 258 1
328 268 1
328 273 1
328 281 1
328 288 1
328 299 1
328 301 1
328 311 1
328 317 1
329 51 1
329 119 1
329 151 1
329 167 1
329 174 1
329 266 1
329 301 1
329 374 1
329 395 1
329 467 1
329 475 1
329 498 1
330 62 1
330 176 1
330 182 1
330 187 1
330 190 1
330 205 1
330 211 1
330 232 1
330 276 1
330 284 1
330 294 1
330 308 1
330 358 1
331 77 1
331 148 1
331 184 1
331 185 1
331 207 1
331 222 1
331 232 1
331 245 1
331 264 1
331 272 1
331 326 1
331 451 1
331 462 1
331 469 1
332 77 1
332 159 1
332 183 1
332 329 1
332 339 1
332 356 1
332 385 1
332 410 1
332 420 1
332 425 1
333 228 1
333 334 1
333 336 1
333 338 1
333 348 1
333 354 1
333 415 1
333 446 1
333 473 1
333 490 1
334 76 1
334 133 1
334 259 1
334 347 1
334 366 1
334 368 1
334 369 1
334 376 1
334 399 1
334 404 1
334 409 1
334 447 1
334 448 1
334 468 1
334 479 1
334 489 1
334 498 1
334 499 1
335 48 1
335 277 1
335 333 1
335 345 1
335 349 1
335 387 1
335 414 1
335 418 1
335 421 1
335 438 1
335 461 1
336 110 1
336 192 1
336 275 1
336 313 1
336 368 1
336 376 1
336 394 1
336 415 1
336 422 1
336 432 1
336 436 1
336 467 1
337 156 1
337 321 1
337 394 1
337 423 1
337 432 1
337 436 1
337 443 1
337 452 1
337 461 1
337 462 1
337 470 1
337 481 1
337 485 1
337 498 1
338 48 1
338 245 1
338 372 1
338 386 1
338 387 1
338 388 1
338 391 1
338 392 1
338 410 1
338 412 1
338 449 1
338 452 1
338 476 1
339 227 1
339 340 1
339 384 1
339 422 1
339 459 1
339 460 1
339 496 1
340 143 1
340 389 1
340 394 1
340 415 1
340 440 1
340 442 1
340 464 1
340 476 1
340 494 1
340 495 1
341 233 1
341 282 1
341 334 1
341 335 1
341 343 1
341 378 1
341 403 1
341 414 1
341 430 1
341 431 1
341 437 1
341 472 1
341 477 1
341 483 1
342 44 1
342 101 1
342 103 1
342 291 1
342 357 1
342 374 1
342 388 1
342 435 1
342 450 1
342 464 1
342 468 1
342 481 1
342 497 1
343 29 1
343 65 1
343 98 1
343 139 1
343 169 1
343 185 1
343 353 1
343 397 1
343 411 1
343 424 1
343 449 1
343 479 1
343 485 1
344 224 1
344 317 1
344 368 1
344 377 1
344 395 1
344 403 1
344 413 1
344 419 1
344 420 1
344 423 1
344 462 1
344 466 1
345 115 1
345 147 1
345 194 1
345 262 1
345 379 1
345 391 1
345 412 1
345 424 1
345 437 1
345 446 1
345 474 1
345 476 1
346 7 1
346 66 1
346 259 1
346 347 1
346 367 1
346 383 1
346 387 1
346 396 1
346 416 1
346 439 1
346 491 1
347 179 1
347 269 1
347 319 1
347 335 1
347 344 1
347 352 1
347 369 1
347 379 1
347 441 1
347 442 1
347 465 1
347 499 1
348 51 1
348 53 1
348 142 1
348 180 1
348 197 1
348 219 1
348 338 1
348 401 1
348 438 1
348 449 1
348 466 1
348 475 1
349 38 1
349 176 1
349 226 1
349 355 1
349 367 1
349 389 1
349 402 1
349 428 1
349 441 1
349 493 1
349 495 1
349 498 1
350 125 1
350 139 1
350 341 1
350 349 1
350 356 1
350 392 1
350 410 1
350 434 1
350 442 1
351 37 1
351 258 1
351 378 1
351 379 1
351 404 1
351 405 1
351 419 1
351 436 1
351 445 1
351 472 1
351 477 1
352 158 1
352 240 1
352 399 1
352 461 1
352 462 1
353 146 1
353 235 1
353 262 1
353 348 1
353 378 1
353 395 1
353 407 1
353 420 1
353 436 1
353 437 1
353 449 1
353 451 1
353 452 1
353 493 1
353 499 1
354 16 1
354 100 1
354 178 1
354 336 1
354 359 1
354 432 1
354 466 1
354 495 1
355 153 1
355 228 1
355 358 1
355 392 1
355 415 1
355 427 1
355 439 1
355 466 1
355 480 1
356 9 1
356 335 1
356 378 1
356 435 1
356 438 1
356 445 1
356 448 1
357 195 1
357 248 1
357 309 1
357 327 1
357 346 1
357 347 1
357 444 1
357 449 1
358 347 1
358 386 1
358 404 1
358 418 1
358 420 1
358 433 1
358 443 1
358 480 1
358 490 1
359 162 1
359 303 1
359 306 1
359 308 1
359 312 1
359 354 1
359 396 1
359 440 1
359 441 1
359 448 1
359 491 1
360 56 1
360 179 1
360 334 1
360 339 1
360 386 1
360 406 1
360 431 1
360 491 1
361 167 1
361 240 1
361 341 1
361 352 1
361 386 1
361 388 1
361 402 1
361 404 1
361 424 1
361 451 1
362 99 1
362 272 1
362 309 1
362 333 1
362 385 1
362 409 1
362 417 1
362 429 1
363 185 1
363 228 1
363 346 1
363 362 1
363 386 1
363 451 1
363 469 1
363 477 1
363 486 1
364 58 1
364 141 1
364 149 1
364 195 1
364 252 1
364 323 1
364 347 1
364 365 1
364 366 1
364 376 1
364 435 1
364 444 1
364 459 1
364 493 1
365 120 1
365 139 1
365 341 1
365 370 1
365 468 1
365 495 1
365 497 1
366 6 1
366 37 1
366 156 1
366 253 1
366 348 1
366 349 1
366 357 1
366 425 1
366 427 1
366 448 1
366 471 1
366 478 1
367 352 1
367 364 1
367 437 1
367 459 1
367 479 1
367 481 1
367 490 1
368 162 1
368 229 1
368 335 1
368 348 1
368 356 1
368 367 1
368 376 1
368 410 1
368 414 1
368 476 1
368 485 1
369 74 1
369 116 1
369 117 1
369 135 1
369 171 1
369 214 1
369 269 1
369 275 1
369 315 1
369 347 1
369 349 1
369 352 1
369 387 1
369 496 1
370 52 1
370 311 1
370 312 1
370 336 1
370 417 1
370 420 1
370 425 1
370 457 1
371 46 1
371 78 1
371 124 1
371 162 1
371 345 1
371 348 1
371 400 1
371 408 1
371 488 1
372 121 1
372 136 1
372 233 1
372 235 1
372 332 1
372 400 1
372 419 1
372 424 1
372 478 1
372 495 1
373 66 1
373 238 1
373 370 1
373 436 1
373 452 1
373 486 1
373 492 1
374 39 1
374 102 1
374 150 1
374 379 1
374 401 1
374 495 1
375 18 1
375 333 1
375 371 1
375 386 1
375 397 1
375 406 1
375 411 1
375 449 1
375 452 1
375 461 1
375 468 1
375 472 1
375 482 1
375 484 1
376 79 1
376 88 1
376 114 1
376 127 1
376 216 1
376 261 1
376 294 1
376 361 1
376 366 1
376 389 1
376 399 1
376 410 1
376 412 1
376 416 1
376 420 1
376 428 1
376 493 1
377 243 1
377 298 1
377 340 1
377 433 1
377 459 1
378 20 1
378 46 1
378 62 1
378 85 1
378 127 1
378 134 1
378 295 1
378 491 1
379 100 1
379 121 1
379 338 1
379 365 1
379 368 1
379 377 1
379 385 1
379 446 1
379 465 1
379 494 1
380 106 1
380 240 1
380 354 1
380 407 1
380 413 1
381 41 1
381 121 1
381 222 1
381 339 1
381 364 1
381 373 1
381 406 1
381 410 1
381 411 1
381 414 1
381 450 1
381 470 1
381 497 1
382 107 1
382 158 1
382 174 1
382 203 1
382 331 1
382 405 1
382 422 1
382 425 1
382 431 1
382 466 1
382 476 1
383 96 1
383 140 1
383 162 1
383 167 1
383 276 1
383 378 1
383 397 1
383 471 1
383 473 1
383 493 1
384 33 1
384 98 1
384 197 1
384 230 1
384 232 1
384 235 1
384 321 1
384 334 1
384 352 1
384 390 1
384 397 1
384 406 1
384 425 1
384 460 1
384 470 1
384 492 1
385 46 1
385 75 1
385 340 1
385 372 1
385 379 1
385 380 1
385 386 1
385 444 1
385 453 1
385 454 1
386 86 1
386 253 1
386 383 1
386 398 1
386 419 1
386 441 1
386 468 1
386 492 1
387 94 1
387 97 1
387 214 1
387 271 1
387 367 1
387 379 1
387 403 1
387 410 1
387 424 1
387 426 1
387 435 1
387 441 1
387 442 1
387 457 1
387 486 1
388 97 1
388 166 1
388 343 1
388 349 1
388 373 1
388 381 1
388 384 1
388 406 1
388 432 1
388 446 1
388 457 1
389 37 1
389 76 1
389 140 1
389 335 1
389 353 1
389 408 1
389 415 1
389 468 1
390 24 1
390 230 1
390 352 1
390 395 1
390 415 1
390 419 1
390 453 1
390 480 1
391 146 1
391 240 1
391 354 1
391 366 1
391 388 1
391 421 1
391 422 1
391 423 1
391 436 1
391 437 1
391 448 1
392 27 1
392 340 1
392 357 1
392 377 1
393 26 1
393 35 1
393 118 1
393 213 1
393 245 1
393 327 1
393 335 1
393 363 1
393 414 1
393 419 1
393 423 1
393 434 1
394 26 1
394 64 1
394 98 1
394 211 1
394 335 1
394 338 1
394 342 1
394 390 1
394 402 1
394 421 1
394 457 1
394 459 1
394 478 1
395 137 1
395 299 1
395 352 1
395 353 1
395 374 1
395 444 1
395 449 1
395 476 1
395 496 1
396 125 1
396 195 1
396 197 1
396 229 1
396 344 1
396 370 1
396 372 1
396 423 1
396 430 1
397 46 1
397 257 1
397 340 1
397 361 1
397 371 1
397 378 1
397 380 1
397 401 1
397 445 1
397 468 1
397 476 1
398 312 1
398 350 1
398 405 1
398 420 1
398 440 1
398 489 1
398 493 1
398 497 1
399 11 1
399 250 1
399 280 1
399 317 1
399 355 1
399 364 1
399 373 1
399 382 1
399 385 1
399 396 1
399 422 1
399 437 1
399 445 1
399 450 1
399 466 1
399 479 1
400 92 1
400 125 1
400 335 1
400 402 1
400 412 1
400 456 1
400 465 1
400 483 1
401 107 1
401 174 1
401 182 1
401 278 1
401 305 1
401 366 1
401 378 1
401 399 1
401 436 1
401 440 1
401 445 1
401 481 1
401 492 1
402 117 1
402 132 1
402 341 1
402 364 1
402 381 1
402 382 1
402 393 1
402 398 1
402 414 1
402 426 1
402 454 1
402 456 1
402 483 1
403 50 1
403 108 1
403 248 1
403 254 1
403 263 1
403 283 1
403 322 1
403 344 1
403 345 1
403 352 1
403 434 1
403 461 1
404 24 1
404 98 1
404 169 1
404 282 1
404 343 1
404 347 1
404 377 1
404 408 1
404 418 1
404 430 1
404 439 1
404 452 1
404 475 1
404 492 1
405 23 1
405 126 1
405 151 1
405 219 1
405 324 1
405 340 1
405 341 1
405 344 1
405 364 1
405 377 1
405 382 1
405 385 1
405 439 1
405 440 1
405 455 1
405 456 1
405 463 1
405 479 1
406 116 1
406 139 1
406 293 1
406 333 1
406 356 1
406 378 1
406 403 1
406 488 1
407 49 1
407 342 1
407 357 1
407 420 1
407 433 1
407 439 1
407 457 1
407 459 1
407 471 1
408 117 1
408 182 1
408 196 1
408 252 1
408 274 1
408 334 1
408 347 1
408 352 1
408 364 1
408 387 1
408 437 1
409 181 1
409 350 1
409 355 1
409 428 1
409 433 1
409 434 1
409 481 1
409 495 1
409 496 1
410 42 1
410 300 1
410 369 1
410 376 1
410 402 1
410 437 1
410 438 1
410 480 1
411 65 1
411 157 1
411 162 1
411 227 1
411 252 1
411 357 1
411 397 1
411 425 1
411 473 1
411 486 1
411 489 1
411 494 1
412 27 1
412 55 1
412 70 1
412 317 1
412 342 1
412 347 1
412 362 1
412 367 1
412 386 1
412 390 1
412 401 1
412 429 1
412 431 1
412 440 1
412 454 1
412 496 1
413 215 1
413 245 1
413 335 1
413 354 1
413 371 1
413 376 1
413 389 1
413 418 1
413 448 1
413 449 1
413 499 1
414 141 1
414 243 1
414 373 1
414 425 1
414 436 1
414 486 1
415 37 1
415 61 1
415 66 1
415 146 1
415 253 1
415 322 1
415 392 1
415 435 1
415 447 1
415 458 1
415 473 1
415 484 1
415 490 1
416 146 1
416 174 1
416 288 1
416 347 1
416 353 1
416 360 1
416 386 1
416 399 1
416 490 1
417 204 1
417 276 1
417 344 1
417 346 1
417 396 1
417 442 1
417 470 1
417 471 1
417 472 1
417 474 1
417 485 1
418 3 1
418 25 1
418 266 1
418 369 1
418 389 1
418 406 1
418 417 1
418 420 1
418 436 1
418 460 1
418 461 1
418 469 1
418 472 1
418 483 1
418 484 1
418 495 1
418 497 1
419 52 1
419 91 1
419 205 1
419 344 1
419 355 1
419 362 1
419 379 1
419 391 1
419 393 1
419 423 1
419 437 1
419 458 1
419 484 1
420 69 1
420 111 1
420 345 1
420 366 1
420 367 1
420 371 1
420 398 1
420 400 1
420 483 1
420 486 1
421 48 1
421 332 1
421 336 1
421 345 1
421 358 1
421 373 1
421 385 1
421 399 1
421 414 1
421 425 1
421 442 1
421 443 1
421 454 1
421 485 1
422 28 1
422 78 1
422 168 1
422 231 1
422 320 1
422 385 1
422 410 1
422 482 1
422 489 1
423 80 1
423 120 1
423 131 1
423 133 1
423 288 1
423 365 1
423 382 1
423 389 1
423 399 1
423 418 1
423 436 1
423 450 1
424 124 1
424 193 1
424 375 1
424 398 1
424 400 1
424 417 1
424 438 1
424 440 1
424 458 1
424 470 1
425 405 1
425 434 1
425 488 1
426 36 1
426 43 1
426 268 1
426 388 1
426 397 1
426 413 1
426 423 1
426 454 1
426 455 1
426 484 1
426 494 1
427 72 1
427 234 1
427 423 1
427 450 1
427 460 1
427 489 1
428 146 1
428 284 1
428 295 1
428 333 1
428 358 1
428 361 1
428 362 1
428 427 1
428 445 1
428 470 1
428 475 1
428 479 1
429 322 1
429 333 1
429 385 1
429 417 1
429 453 1
429 467 1
429 489 1
430 105 1
430 140 1
430 191 1
430 236 1
430 301 1
430 305 1
430 385 1
430 411 1
430 454 1
430 462 1
430 467 1
430 499 1
431 24 1
431 77 1
431 78 1
431 129 1
431 186 1
431 343 1
431 397 1
431 402 1
431 454 1
431 464 1
431 485 1
431 487 1
432 152 1
432 350 1
432 356 1
432 384 1
432 428 1
432 451 1
433 54 1
433 248 1
433 349 1
433 354 1
433 363 1
433 375 1
433 379 1
433 381 1
433 449 1
433 467 1
433 480 1
433 492 1
434 216 1
434 233 1
434 293 1
434 340 1
434 344 1
434 356 1
434 386 1
434 413 1
435 130 1
435 187 1
435 356 1
435 372 1
435 376 1
435 378 1
435 389 1
435 432 1
435 464 1
435 467 1
435 479 1
436 36 1
436 222 1
436 333 1
436 338 1
436 345 1
436 352 1
436 356 1
436 367 1
436 382 1
436 394 1
436 410 1
436 415 1
436 427 1
436 431 1
436 439 1
436 452 1
436 478 1
436 491 1
436 493 1
437 27 1
437 38 1
437 213 1
437 227 1
437 360 1
437 380 1
437 383 1
437 388 1
437 394 1
437 399 1
437 403 1
437 408 1
437 433 1
437 460 1
437 472 1
437 476 1
437 478 1
437 480 1
437 491 1
438 25 1
438 40 1
438 88 1
438 177 1
438 218 1
438 226 1
438 361 1
438 371 1
438 386 1
438 463 1
438 467 1
439 15 1
439 17 1
439 147 1
439 346 1
439 357 1
439 400 1
439 409 1
439 416 1
439 421 1
439 464 1
439 476 1
439 482 1
439 485 1
439 489 1
440 87 1
440 97 1
440 259 1
440 374 1
440 390 1
440 410 1
440 411 1
440 418 1
440 445 1
440 480 1
440 492 1
441 20 1
441 63 1
441 82 1
441 148 1
441 173 1
441 335 1
441 360 1
441 371 1
441 398 1
441 419 1
441 426 1
441 431 1
441 442 1
441 484 1
442 52 1
442 58 1
442 153 1
442 248 1
442 317 1
442 391 1
442 396 1
442 398 1
442 401 1
442 433 1
442 438 1
442 462 1
442 475 1
443 143 1
443 172 1
443 184 1
443 214 1
443 340 1
443 394 1
443 432 1
443 465 1
443 474 1
443 480 1
444 51 1
444 364 1
444 409 1
444 427 1
444 448 1
444 463 1
444 470 1
445 199 1
445 397 1
445 440 1
445 465 1
445 474 1
446 114 1
446 130 1
446 235 1
446 296 1
446 339 1
446 340 1
446 350 1
446 386 1
446 398 1
446 403 1
446 429 1
446 469 1
446 477 1
446 491 1
446 498 1
447 32 1
447 79 1
447 152 1
447 171 1
447 343 1
447 356 1
447 377 1
447 413 1
447 474 1
447 483 1
448 27 1
448 35 1
448 109 1
448 302 1
448 365 1
448 377 1
448 381 1
448 393 1
448 395 1
448 413 1
448 450 1
448 456 1
448 474 1
448 498 1
449 79 1
449 90 1
449 267 1
449 353 1
449 374 1
449 385 1
449 430 1
449 466 1
450 337 1
450 348 1
450 349 1
450 374 1
450 377 1
450 395 1
450 486 1
450 496 1
451 45 1
451 320 1
451 339 1
451 360 1
451 364 1
451 388 1
451 391 1
451 407 1
451 425 1
451 437 1
451 445 1
451 453 1
452 52 1
452 210 1
452 218 1
452 239 1
452 376 1
452 388 1
452 407 1
452 425 1
452 461 1
452 468 1
453 192 1
453 216 1
453 332 1
453 412 1
453 421 1
453 426 1
453 439 1
453 460 1
453 461 1
453 469 1
453 478 1
453 482 1
453 489 1
454 212 1
454 223 1
454 322 1
454 345 1
454 350 1
454 382 1
454 408 1
454 414 1
454 440 1
454 482 1
455 3 1
455 374 1
455 438 1
456 73 1
456 90 1
456 171 1
456 349 1
456 393 1
456 394 1
456 408 1
456 431 1
456 464 1
456 484 1
457 137 1
457 353 1
457 364 1
457 474 1
457 496 1
458 235 1
458 347 1
458 359 1
458 363 1
458 368 1
458 421 1
458 448 1
458 474 1
458 482 1
458 483 1
458 491 1
458 493 1
459 42 1
459 45 1
459 228 1
459 242 1
459 396 1
459 407 1
459 412 1
459 415 1
459 443 1
459 484 1
459 494 1
460 60 1
460 113 1
460 245 1
460 363 1
460 446 1
460 453 1
460 469 1
461 69 1
461 256 1
461 267 1
461 337 1
461 393 1
461 464 1
461 479 1
461 480 1
461 492 1
461 496 1
462 131 1
462 163 1
462 185 1
462 273 1
462 384 1
462 416 1
463 87 1
463 98 1
463 326 1
463 339 1
463 381 1
463 382 1
463 387 1
463 414 1
463 415 1
463 425 1
464 196 1
464 412 1
464 440 1
465 153 1
465 179 1
465 292 1
465 305 1
465 340 1
465 357 1
465 362 1
465 384 1
465 413 1
465 424 1
465 434 1
465 435 1
465 454 1
465 473 1
466 58 1
466 63 1
466 88 1
466 339 1
466 349 1
466 351 1
466 361 1
466 424 1
466 470 1
466 481 1
466 495 1
466 496 1
467 47 1
467 166 1
467 168 1
467 283 1
467 341 1
467 345 1
467 384 1
467 396 1
467 417 1
467 431 1
467 447 1
467 485 1
467 492 1
467 496 1
468 134 1
468 408 1
468 427 1
468 438 1
468 448 1
468 450 1
468 452 1
468 462 1
468 479 1
468 491 1
469 60 1
469 100 1
469 103 1
469 297 1
469 336 1
469 338 1
469 376 1
469 399 1
469 402 1
469 440 1
469 447 1
469 476 1
469 484 1
469 487 1
470 11 1
470 92 1
470 104 1
470 286 1
470 357 1
470 386 1
470 397 1
470 422 1
470 425 1
470 460 1
471 32 1
471 263 1
471 343 1
471 369 1
471 435 1
471 445 1
471 446 1
472 50 1
472 230 1
472 294 1
472 315 1
472 348 1
472 353 1
472 375 1
472 383 1
472 401 1
472 417 1
472 436 1
472 439 1
472 458 1
472 469 1
473 0 1
473 164 1
473 222 1
473 337 1
473 383 1
473 396 1
473 398 1
473 416 1
473 421 1
473 431 1
474 35 1
474 149 1
474 192 1
474 221 1
474 297 1
474 337 1
474 368 1
474 374 1
474 389 1
474 394 1
474 425 1
474 431 1
474 451 1
474 479 1
474 486 1
474 493 1
475 150 1
475 216 1
475 233 1
475 260 1
475 264 1
475 329 1
475 348 1
475 370 1
475 381 1
475 417 1
475 428 1
475 432 1
475 473 1
476 56 1
476 249 1
476 339 1
476 352 1
476 357 1
476 368 1
476 371 1
476 393 1
476 421 1
476 424 1
476 433 1
476 460 1
476 485 1
476 493 1
476 494 1
477 29 1
477 45 1
477 101 1
477 133 1
477 271 1
477 454 1
477 455 1
478 135 1
478 138 1
478 191 1
478 336 1
478 358 1
478 359 1
478 371 1
478 374 1
478 383 1
478 414 1
478 418 1
478 448 1
478 468 1
478 490 1
478 498 1
479 0 1
479 7 1
479 33 1
479 151 1
479 332 1
479 350 1
479 352 1
479 364 1
479 372 1
479 386 1
479 388 1
479 416 1
479 425 1
479 437 1
479 451 1
479 455 1
479 463 1
479 474 1
480 17 1
480 376 1
480 408 1
480 433 1
480 448 1
480 471 1
480 488 1
480 494 1
480 497 1
481 114 1
481 127 1
481 184 1
481 280 1
481 377 1
481 382 1
481 394 1
481 402 1
481 407 1
481 438 1
481 484 1
482 41 1
482 43 1
482 113 1
482 122 1
482 275 1
482 419 1
482 447 1
483 83 1
483 164 1
483 234 1
483 338 1
483 352 1
483 353 1
483 369 1
483 395 1
483 422 1
483 451 1
483 461 1
484 122 1
484 272 1
484 346 1
484 348 1
484 349 1
484 453 1
484 455 1
485 97 1
485 179 1
485 182 1
485 222 1
485 380 1
485 385 1
485 386 1
485 387 1
485 389 1
485 390 1
485 434 1
485 435 1
485 466 1
485 483 1
485 487 1
486 132 1
486 253 1
486 334 1
486 355 1
486 418 1
486 434 1
486 446 1
486 463 1
486 479 1
486 480 1
486 489 1
487 47 1
487 121 1
487 233 1
487 348 1
487 373 1
487 413 1
487 417 1
487 426 1
487 438 1
487 462 1
487 476 1
488 53 1
488 193 1
488 314 1
488 353 1
488 355 1
488 395 1
488 415 1
488 448 1
489 112 1
489 201 1
489 308 1
489 310 1
489 349 1
489 361 1
489 362 1
489 374 1
489 392 1
489 397 1
489 402 1
489 409 1
489 411 1
489 435 1
489 467 1
489 473 1
490 241 1
490 284 1
490 336 1
490 343 1
490 363 1
490 373 1
490 375 1
490 382 1
490 423 1
491 40 1
491 88 1
491 274 1
491 334 1
491 340 1
491 357 1
491 359 1
491 366 1
491 367 1
491 410 1
491 423 1
491 445 1
491 466 1
492 117 1
492 183 1
492 333 1
492 341 1
492 347 1
492 353 1
492 369 1
492 384 1
492 452 1
493 221 1
493 244 1
493 313 1
493 325 1
493 356 1
493 371 1
493 378 1
493 387 1
493 455 1
493 466 1
494 56 1
494 207 1
494 238 1
494 344 1
494 351 1
494 356 1
494 404 1
494 415 1
494 425 1
494 449 1
494 452 1
494 457 1
495 10 1
495 85 1
495 94 1
495 100 1
495 128 1
495 279 1
495 322 1
495 377 1
495 392 1
495 433 1
495 436 1
495 473 1
495 492 1
496 112 1
496 254 1
496 356 1
496 398 1
496 406 1
496 487 1
497 1 1
497 2 1
497 80 1
497 134 1
497 177 1
497 260 1
497 414 1
498 25 1
498 120 1
498 149 1
498 243 1
498 251 1
498 373 1
498 407 1
498 455 1
498 478 1
498 483 1
498 494 1
499 12 1
499 43 1
499 159 1
499 197 1
499 362 1
499 370 1
499 384 1
499 440 1
499 461 1
499 488 1
499 493 1
