source target w
0 21 1
0 31 1
0 32 1
0 38 1
0 84 1
0 87 1
0 104 1
0 125 1
0 144 1
0 150 1
0 162 1
0 346 1
1 9 1
1 11 1
1 18 1
1 19 1
1 34 1
1 100 1
1 138 1
1 158 1
1 388 1
1 400 1
2 10 1
2 23 1
2 25 1
2 69 1
2 75 1
2 98 1
2 111 1
2 344 1
3 39 1
3 42 1
3 58 1
3 80 1
3 94 1
3 122 1
3 156 1
3 157 1
3 158 1
3 165 1
3 200 1
3 360 1
3 444 1
4 5 1
4 54 1
4 143 1
4 163 1
4 452 1
5 8 1
5 30 1
5 63 1
5 78 1
5 100 1
5 141 1
5 148 1
5 159 1
5 289 1
5 437 1
6 25 1
6 31 1
6 45 1
6 48 1
6 61 1
6 62 1
6 65 1
6 68 1
6 71 1
6 78 1
6 95 1
6 106 1
6 129 1
6 163 1
6 199 1
6 265 1
6 343 1
6 452 1
7 3 1
7 20 1
7 46 1
7 66 1
7 76 1
7 119 1
7 132 1
7 156 1
7 165 1
7 286 1
8 16 1
8 30 1
8 74 1
8 78 1
8 90 1
8 96 1
8 108 1
8 131 1
8 143 1
8 164 1
8 166 1
8 324 1
9 3 1
9 41 1
9 48 1
9 70 1
9 85 1
9 90 1
9 119 1
9 120 1
9 125 1
9 126 1
9 148 1
9 182 1
9 215 1
9 296 1
9 302 1
9 470 1
10 20 1
10 21 1
10 52 1
10 64 1
10 74 1
10 98 1
10 119 1
10 127 1
10 368 1
11 7 1
11 16 1
11 21 1
11 40 1
11 45 1
11 47 1
11 51 1
11 66 1
11 113 1
11 116 1
11 117 1
11 137 1
11 139 1
11 156 1
11 234 1
11 388 1
12 35 1
12 58 1
12 71 1
12 73 1
12 74 1
12 79 1
12 125 1
12 146 1
12 149 1
12 151 1
12 250 1
12 445 1
13 11 1
13 31 1
13 59 1
13 140 1
13 145 1
13 406 1
13 446 1
13 464 1
14 18 1
14 25 1
14 44 1
14 53 1
14 63 1
14 83 1
14 88 1
14 101 1
14 110 1
14 135 1
14 145 1
14 164 1
14 172 1
14 380 1
15 27 1
15 50 1
15 61 1
15 62 1
15 79 1
15 83 1
15 134 1
15 149 1
15 389 1
16 6 1
16 43 1
16 49 1
16 76 1
16 84 1
16 98 1
16 99 1
16 100 1
16 103 1
16 106 1
16 123 1
16 129 1
16 136 1
16 139 1
16 322 1
16 342 1
17 15 1
17 45 1
17 51 1
17 54 1
17 59 1
17 77 1
17 95 1
17 145 1
17 165 1
17 269 1
17 440 1
18 3 1
18 8 1
18 38 1
18 115 1
18 203 1
18 462 1
19 88 1
19 95 1
19 115 1
19 126 1
19 151 1
19 283 1
20 1 1
20 12 1
20 37 1
20 76 1
20 100 1
20 139 1
20 159 1
20 199 1
20 429 1
20 481 1
21 26 1
21 43 1
21 82 1
21 122 1
21 137 1
21 162 1
21 165 1
21 271 1
21 298 1
22 12 1
22 23 1
22 37 1
22 43 1
22 50 1
22 90 1
22 124 1
22 128 1
22 131 1
22 143 1
22 156 1
22 372 1
23 33 1
23 42 1
23 73 1
23 93 1
23 94 1
23 123 1
23 131 1
23 156 1
23 189 1
24 12 1
24 13 1
24 16 1
24 22 1
24 45 1
24 52 1
24 72 1
24 85 1
24 151 1
24 156 1
24 157 1
24 234 1
24 238 1
24 266 1
24 458 1
25 5 1
25 24 1
25 30 1
25 42 1
25 99 1
25 146 1
26 6 1
26 35 1
26 41 1
26 131 1
26 137 1
26 389 1
27 19 1
27 40 1
27 44 1
27 46 1
27 48 1
27 84 1
27 89 1
27 103 1
27 106 1
27 122 1
27 130 1
27 153 1
27 161 1
27 205 1
28 50 1
28 77 1
28 83 1
28 150 1
28 174 1
28 456 1
29 2 1
29 7 1
29 18 1
29 47 1
29 51 1
29 54 1
29 80 1
29 88 1
29 340 1
29 497 1
30 0 1
30 14 1
30 19 1
30 73 1
30 86 1
30 107 1
30 149 1
30 151 1
30 312 1
30 350 1
30 477 1
31 8 1
31 24 1
31 56 1
31 99 1
31 141 1
31 391 1
32 0 1
32 19 1
32 21 1
32 46 1
32 47 1
32 50 1
32 61 1
32 64 1
32 68 1
32 74 1
32 105 1
32 119 1
32 148 1
32 312 1
32 441 1
33 12 1
33 18 1
33 46 1
33 113 1
34 5 1
34 15 1
34 28 1
34 45 1
34 73 1
34 86 1
34 120 1
34 121 1
34 126 1
34 150 1
34 361 1
35 6 1
35 21 1
35 23 1
35 24 1
35 26 1
35 47 1
35 68 1
35 112 1
35 119 1
35 158 1
35 400 1
35 459 1
35 499 1
36 10 1
36 15 1
36 19 1
36 43 1
36 58 1
36 105 1
36 158 1
36 291 1
36 343 1
36 359 1
36 369 1
37 53 1
37 61 1
37 70 1
37 89 1
37 120 1
37 124 1
37 130 1
37 153 1
38 6 1
38 20 1
38 28 1
38 45 1
38 57 1
38 68 1
38 70 1
38 91 1
38 103 1
38 111 1
38 129 1
38 134 1
38 144 1
38 228 1
38 357 1
38 395 1
39 6 1
39 26 1
39 28 1
39 79 1
39 101 1
39 154 1
40 26 1
40 42 1
40 53 1
40 69 1
40 83 1
40 122 1
40 133 1
40 134 1
40 141 1
40 172 1
40 202 1
40 221 1
40 233 1
41 4 1
41 10 1
41 50 1
41 51 1
41 86 1
41 88 1
41 94 1
41 105 1
41 112 1
41 129 1
41 141 1
41 150 1
41 247 1
41 322 1
41 339 1
41 384 1
41 449 1
42 10 1
42 36 1
42 38 1
42 50 1
42 52 1
42 64 1
42 69 1
42 89 1
42 100 1
42 112 1
42 129 1
42 130 1
42 133 1
42 150 1
42 293 1
42 433 1
43 2 1
43 9 1
43 28 1
43 29 1
43 35 1
43 53 1
43 56 1
43 57 1
43 75 1
43 81 1
43 125 1
43 153 1
43 155 1
43 161 1
43 162 1
44 2 1
44 95 1
44 117 1
44 143 1
44 160 1
44 164 1
45 5 1
45 12 1
45 41 1
45 55 1
45 95 1
45 101 1
45 105 1
45 120 1
45 132 1
45 133 1
45 140 1
45 142 1
45 473 1
46 11 1
46 19 1
46 36 1
46 146 1
46 160 1
46 358 1
46 400 1
47 3 1
47 27 1
47 70 1
47 78 1
47 88 1
47 110 1
47 111 1
47 138 1
47 140 1
47 142 1
47 152 1
47 153 1
47 154 1
47 229 1
48 5 1
48 18 1
48 22 1
48 107 1
48 119 1
48 134 1
48 141 1
48 151 1
48 231 1
48 355 1
48 366 1
49 10 1
49 33 1
49 122 1
49 123 1
49 129 1
49 159 1
49 271 1
50 27 1
50 44 1
50 71 1
50 106 1
50 110 1
50 113 1
50 116 1
50 130 1
50 132 1
50 147 1
50 151 1
50 156 1
50 165 1
50 368 1
50 471 1
51 32 1
51 34 1
51 36 1
51 53 1
51 63 1
51 64 1
51 69 1
51 84 1
51 109 1
51 129 1
51 164 1
51 238 1
51 259 1
51 297 1
51 315 1
51 319 1
52 2 1
52 3 1
52 7 1
52 40 1
52 50 1
52 53 1
52 75 1
52 84 1
52 108 1
52 112 1
52 137 1
52 141 1
52 173 1
52 205 1
52 330 1
52 456 1
53 2 1
53 15 1
53 35 1
53 75 1
53 125 1
53 151 1
53 158 1
53 159 1
53 330 1
54 1 1
54 5 1
54 30 1
54 32 1
54 44 1
54 63 1
54 73 1
54 149 1
54 293 1
55 3 1
55 25 1
55 33 1
55 76 1
55 101 1
55 133 1
55 144 1
55 149 1
55 150 1
55 368 1
55 414 1
55 453 1
56 15 1
56 41 1
56 85 1
56 91 1
56 120 1
56 128 1
56 180 1
56 342 1
56 422 1
57 52 1
57 66 1
57 74 1
57 112 1
57 116 1
57 141 1
57 163 1
57 291 1
57 377 1
58 4 1
58 9 1
58 32 1
58 52 1
58 59 1
58 67 1
58 110 1
58 134 1
58 136 1
58 147 1
58 185 1
58 225 1
58 480 1
59 13 1
59 47 1
59 50 1
59 80 1
59 98 1
59 100 1
59 109 1
59 111 1
59 115 1
59 135 1
59 346 1
60 40 1
60 71 1
60 105 1
60 136 1
60 141 1
60 151 1
60 157 1
60 398 1
61 9 1
61 17 1
61 51 1
61 64 1
61 71 1
61 125 1
61 131 1
61 416 1
61 428 1
61 436 1
62 16 1
62 43 1
62 106 1
62 293 1
62 395 1
62 441 1
63 3 1
63 5 1
63 9 1
63 14 1
63 17 1
63 55 1
63 66 1
63 91 1
63 92 1
63 110 1
63 130 1
63 142 1
63 158 1
63 182 1
63 183 1
63 274 1
63 401 1
64 9 1
64 46 1
64 103 1
64 118 1
64 132 1
64 140 1
64 141 1
64 201 1
64 490 1
65 18 1
65 26 1
65 28 1
65 48 1
65 59 1
65 88 1
65 135 1
65 149 1
66 8 1
66 26 1
66 64 1
66 81 1
66 84 1
66 86 1
66 89 1
66 142 1
66 146 1
66 163 1
66 202 1
66 204 1
66 417 1
67 7 1
67 31 1
67 37 1
67 38 1
67 47 1
67 102 1
67 106 1
67 114 1
67 134 1
67 137 1
67 160 1
67 337 1
67 461 1
67 493 1
68 0 1
68 3 1
68 14 1
68 26 1
68 38 1
68 49 1
68 84 1
68 115 1
68 127 1
68 131 1
68 297 1
68 378 1
69 20 1
69 23 1
69 26 1
69 38 1
69 44 1
69 66 1
69 83 1
69 96 1
69 106 1
69 154 1
69 479 1
70 6 1
70 12 1
70 28 1
70 35 1
70 46 1
70 72 1
70 83 1
70 122 1
70 156 1
70 436 1
71 19 1
71 26 1
71 49 1
71 66 1
71 72 1
71 101 1
71 108 1
71 112 1
71 130 1
71 156 1
71 236 1
72 11 1
72 19 1
72 33 1
72 37 1
72 42 1
72 47 1
72 57 1
72 75 1
72 79 1
72 112 1
72 115 1
72 118 1
72 144 1
72 146 1
72 269 1
73 27 1
73 83 1
73 95 1
73 119 1
73 126 1
73 127 1
73 481 1
73 488 1
74 2 1
74 36 1
74 55 1
74 102 1
74 110 1
74 111 1
74 118 1
74 122 1
74 146 1
74 151 1
74 441 1
75 2 1
75 205 1
75 344 1
75 441 1
76 4 1
76 10 1
76 14 1
76 24 1
76 29 1
76 54 1
76 100 1
76 111 1
76 117 1
76 124 1
76 126 1
76 150 1
76 151 1
76 164 1
76 191 1
76 235 1
76 265 1
76 283 1
76 286 1
77 15 1
77 17 1
77 31 1
77 49 1
77 62 1
77 63 1
77 80 1
77 96 1
77 124 1
77 136 1
77 146 1
77 148 1
77 152 1
77 160 1
77 317 1
77 377 1
77 440 1
78 4 1
78 40 1
78 58 1
78 59 1
78 60 1
78 225 1
78 269 1
78 285 1
78 379 1
79 65 1
79 82 1
79 85 1
79 95 1
79 99 1
79 126 1
79 135 1
79 235 1
79 408 1
79 478 1
80 19 1
80 21 1
80 40 1
80 54 1
80 86 1
80 87 1
80 93 1
80 105 1
80 156 1
80 162 1
80 196 1
81 7 1
81 23 1
81 28 1
81 41 1
81 45 1
81 63 1
81 74 1
81 91 1
81 108 1
81 145 1
81 164 1
81 248 1
81 433 1
81 446 1
82 29 1
82 42 1
82 69 1
82 80 1
82 97 1
82 250 1
83 52 1
83 77 1
83 131 1
83 152 1
83 307 1
83 484 1
84 2 1
84 3 1
84 33 1
84 83 1
84 94 1
84 149 1
84 151 1
84 162 1
84 274 1
85 22 1
85 25 1
85 30 1
85 87 1
85 130 1
85 161 1
85 224 1
85 269 1
85 362 1
85 400 1
86 12 1
86 15 1
86 21 1
86 48 1
86 49 1
86 110 1
86 123 1
86 127 1
86 132 1
86 150 1
86 155 1
86 361 1
86 453 1
87 46 1
87 51 1
87 105 1
87 114 1
87 132 1
87 135 1
87 138 1
87 156 1
87 328 1
88 44 1
88 47 1
88 57 1
88 59 1
88 66 1
88 67 1
88 150 1
88 155 1
88 163 1
88 185 1
88 492 1
89 4 1
89 30 1
89 86 1
89 121 1
89 155 1
90 18 1
90 21 1
90 53 1
90 65 1
90 67 1
90 100 1
90 102 1
90 119 1
90 120 1
90 144 1
90 150 1
90 152 1
90 330 1
91 4 1
91 6 1
91 93 1
91 94 1
91 95 1
91 130 1
91 156 1
91 312 1
91 341 1
91 421 1
91 422 1
91 434 1
92 9 1
92 12 1
92 33 1
92 56 1
92 59 1
92 134 1
92 148 1
92 151 1
92 243 1
92 381 1
92 466 1
93 32 1
93 35 1
93 37 1
93 42 1
93 53 1
93 75 1
93 89 1
93 90 1
93 94 1
93 107 1
93 127 1
93 132 1
93 279 1
93 329 1
94 29 1
94 55 1
94 93 1
95 14 1
95 25 1
95 30 1
95 61 1
95 86 1
95 145 1
95 474 1
96 3 1
96 13 1
96 14 1
96 33 1
96 38 1
96 75 1
96 102 1
96 120 1
96 239 1
96 394 1
96 400 1
97 23 1
97 28 1
97 37 1
97 42 1
97 71 1
97 100 1
97 123 1
97 127 1
97 133 1
97 156 1
97 456 1
98 23 1
98 54 1
98 61 1
98 110 1
98 113 1
98 146 1
98 147 1
98 282 1
98 400 1
99 39 1
99 40 1
99 70 1
99 119 1
99 124 1
99 125 1
99 130 1
99 149 1
99 160 1
99 172 1
99 445 1
100 0 1
100 4 1
100 10 1
100 26 1
100 35 1
100 42 1
100 65 1
100 72 1
100 98 1
100 112 1
100 125 1
100 158 1
100 308 1
101 4 1
101 59 1
101 73 1
101 82 1
101 84 1
101 98 1
101 108 1
101 131 1
102 19 1
102 57 1
102 78 1
102 91 1
102 97 1
102 137 1
102 160 1
102 179 1
102 264 1
102 457 1
102 497 1
103 21 1
103 27 1
103 33 1
103 118 1
103 125 1
103 144 1
103 153 1
103 161 1
103 462 1
103 466 1
104 46 1
104 60 1
104 65 1
104 74 1
104 81 1
104 131 1
104 136 1
104 373 1
104 428 1
105 13 1
105 42 1
105 55 1
105 68 1
105 76 1
105 111 1
105 124 1
105 125 1
105 130 1
106 14 1
106 20 1
106 62 1
106 71 1
106 115 1
106 123 1
106 148 1
106 267 1
106 294 1
107 25 1
107 63 1
107 79 1
107 86 1
107 116 1
107 121 1
107 137 1
107 139 1
107 142 1
107 145 1
107 150 1
107 207 1
107 343 1
108 17 1
108 29 1
108 32 1
108 35 1
108 92 1
108 101 1
108 126 1
108 229 1
108 255 1
108 389 1
108 432 1
109 38 1
109 45 1
109 51 1
109 61 1
109 136 1
109 161 1
110 43 1
110 69 1
110 72 1
110 88 1
110 94 1
110 99 1
110 122 1
110 128 1
110 158 1
110 165 1
110 226 1
110 273 1
111 2 1
111 23 1
111 40 1
111 51 1
111 53 1
111 72 1
111 145 1
111 288 1
112 14 1
112 20 1
112 23 1
112 95 1
112 103 1
112 104 1
112 105 1
112 120 1
112 157 1
112 162 1
112 415 1
112 464 1
112 477 1
113 69 1
113 78 1
113 97 1
113 137 1
113 195 1
113 317 1
113 451 1
114 14 1
114 18 1
114 26 1
114 33 1
114 77 1
114 110 1
114 132 1
114 136 1
114 139 1
114 143 1
114 154 1
114 155 1
114 214 1
115 3 1
115 13 1
115 18 1
115 35 1
115 36 1
115 43 1
115 88 1
115 97 1
116 0 1
116 15 1
116 21 1
116 51 1
116 62 1
116 67 1
116 69 1
116 108 1
116 129 1
116 132 1
116 160 1
117 8 1
117 12 1
117 25 1
117 27 1
117 33 1
117 38 1
117 86 1
117 113 1
117 142 1
117 183 1
117 245 1
117 273 1
117 434 1
118 28 1
118 30 1
118 66 1
118 69 1
118 81 1
118 92 1
118 156 1
118 159 1
118 201 1
119 40 1
119 51 1
119 56 1
119 59 1
119 62 1
119 77 1
119 110 1
119 138 1
119 142 1
119 152 1
119 295 1
119 319 1
119 431 1
120 12 1
120 66 1
120 67 1
120 110 1
120 219 1
120 396 1
121 14 1
121 57 1
121 61 1
121 67 1
121 69 1
121 88 1
121 89 1
121 100 1
121 116 1
121 135 1
121 150 1
121 158 1
121 161 1
121 348 1
121 393 1
122 54 1
122 65 1
122 85 1
122 188 1
122 207 1
122 245 1
122 337 1
123 17 1
123 18 1
123 84 1
123 89 1
123 100 1
123 103 1
123 283 1
123 375 1
124 16 1
124 21 1
124 63 1
124 68 1
124 114 1
124 127 1
124 155 1
124 394 1
125 4 1
125 18 1
125 52 1
125 58 1
125 60 1
125 68 1
125 80 1
125 93 1
125 111 1
125 341 1
125 404 1
125 452 1
126 10 1
126 19 1
126 43 1
126 50 1
126 61 1
126 67 1
126 72 1
126 96 1
126 97 1
126 135 1
126 151 1
126 160 1
126 325 1
126 470 1
127 17 1
127 61 1
127 64 1
127 76 1
127 86 1
127 104 1
127 120 1
127 137 1
127 138 1
127 143 1
127 157 1
127 160 1
127 398 1
127 464 1
128 19 1
128 31 1
128 38 1
128 50 1
128 55 1
128 56 1
128 73 1
128 99 1
128 113 1
128 115 1
128 139 1
128 280 1
129 32 1
129 62 1
129 76 1
129 117 1
129 134 1
129 383 1
130 54 1
130 72 1
130 94 1
130 101 1
130 108 1
130 114 1
130 141 1
130 162 1
130 177 1
130 346 1
131 100 1
131 112 1
131 122 1
131 126 1
131 138 1
131 441 1
132 8 1
132 25 1
132 38 1
132 81 1
132 111 1
132 148 1
133 4 1
133 13 1
133 36 1
133 47 1
133 58 1
133 61 1
133 92 1
133 97 1
133 111 1
133 113 1
133 118 1
133 148 1
133 266 1
134 7 1
134 91 1
134 103 1
134 105 1
134 118 1
134 150 1
134 154 1
134 157 1
134 283 1
134 295 1
134 312 1
134 446 1
134 449 1
135 26 1
135 41 1
135 42 1
135 61 1
135 76 1
135 99 1
135 129 1
135 137 1
135 141 1
135 143 1
135 145 1
135 154 1
135 181 1
135 430 1
136 20 1
136 23 1
136 65 1
136 66 1
136 72 1
136 81 1
136 102 1
136 119 1
136 132 1
136 142 1
136 156 1
136 157 1
136 215 1
136 298 1
136 400 1
136 491 1
137 4 1
137 10 1
137 27 1
137 55 1
137 115 1
137 122 1
137 138 1
137 153 1
137 262 1
137 290 1
138 2 1
138 3 1
138 31 1
138 65 1
138 96 1
138 146 1
138 152 1
138 153 1
138 194 1
138 390 1
138 473 1
139 2 1
139 27 1
139 55 1
139 66 1
139 92 1
139 368 1
139 395 1
140 19 1
140 60 1
140 83 1
140 133 1
140 136 1
140 180 1
140 214 1
140 294 1
140 359 1
141 14 1
141 20 1
141 31 1
141 36 1
141 58 1
141 61 1
141 100 1
141 111 1
141 140 1
141 157 1
141 160 1
141 380 1
141 461 1
142 2 1
142 12 1
142 27 1
142 39 1
142 47 1
142 52 1
142 56 1
142 63 1
142 77 1
142 102 1
142 108 1
142 119 1
142 162 1
143 17 1
143 19 1
143 20 1
143 21 1
143 43 1
143 61 1
143 66 1
143 78 1
143 91 1
143 99 1
143 119 1
143 121 1
143 131 1
143 142 1
143 343 1
144 7 1
144 34 1
144 58 1
144 69 1
144 131 1
144 139 1
144 258 1
144 326 1
144 373 1
144 405 1
145 20 1
145 22 1
145 53 1
145 69 1
145 77 1
145 89 1
145 92 1
145 111 1
145 141 1
145 394 1
146 19 1
146 20 1
146 28 1
146 61 1
146 70 1
146 102 1
146 107 1
146 108 1
146 123 1
146 134 1
146 137 1
146 139 1
146 210 1
146 303 1
146 475 1
146 481 1
147 16 1
147 52 1
147 82 1
147 166 1
147 207 1
147 216 1
147 310 1
148 5 1
148 23 1
148 46 1
148 80 1
148 108 1
148 121 1
148 127 1
148 244 1
148 308 1
149 7 1
149 14 1
149 32 1
149 34 1
149 59 1
149 61 1
149 65 1
149 81 1
149 135 1
149 138 1
149 146 1
149 150 1
149 162 1
149 254 1
149 289 1
150 30 1
150 50 1
150 64 1
150 85 1
150 101 1
150 127 1
150 153 1
150 296 1
151 0 1
151 6 1
151 7 1
151 53 1
151 54 1
151 67 1
151 95 1
151 98 1
151 134 1
151 142 1
151 146 1
151 162 1
151 163 1
152 16 1
152 59 1
152 64 1
152 69 1
152 151 1
152 207 1
152 298 1
153 21 1
153 22 1
153 35 1
153 42 1
153 65 1
153 67 1
153 70 1
153 72 1
153 75 1
153 83 1
153 147 1
153 149 1
153 293 1
153 296 1
153 366 1
153 455 1
153 465 1
154 26 1
154 58 1
154 83 1
154 91 1
154 107 1
154 122 1
154 127 1
154 158 1
154 363 1
155 39 1
155 48 1
155 66 1
155 81 1
155 85 1
155 122 1
155 214 1
155 302 1
156 7 1
156 25 1
156 34 1
156 37 1
156 42 1
156 54 1
156 64 1
156 65 1
156 106 1
156 137 1
156 160 1
156 192 1
156 453 1
157 1 1
157 8 1
157 36 1
157 49 1
157 54 1
157 55 1
157 56 1
157 84 1
157 94 1
157 103 1
157 147 1
157 477 1
158 5 1
158 45 1
158 55 1
158 64 1
158 68 1
158 124 1
158 132 1
158 133 1
158 138 1
158 146 1
158 190 1
158 204 1
158 465 1
158 468 1
159 1 1
159 7 1
159 19 1
159 20 1
159 40 1
159 76 1
159 122 1
159 127 1
159 133 1
159 150 1
159 179 1
159 261 1
159 294 1
160 33 1
160 42 1
160 47 1
160 71 1
160 78 1
160 111 1
160 122 1
160 249 1
160 347 1
161 34 1
161 39 1
161 52 1
161 74 1
161 84 1
161 92 1
161 107 1
161 108 1
161 153 1
161 253 1
161 326 1
161 401 1
162 2 1
162 17 1
162 29 1
162 32 1
162 42 1
162 43 1
162 45 1
162 94 1
162 101 1
162 115 1
162 150 1
162 160 1
162 262 1
163 6 1
163 8 1
163 49 1
163 50 1
163 91 1
163 111 1
163 117 1
163 138 1
163 203 1
163 217 1
163 333 1
163 413 1
163 470 1
163 471 1
164 10 1
164 13 1
164 48 1
164 68 1
164 107 1
164 124 1
164 151 1
164 180 1
164 305 1
164 378 1
165 13 1
165 15 1
165 70 1
165 76 1
165 94 1
165 95 1
165 109 1
165 127 1
165 153 1
165 156 1
166 130 1
166 218 1
166 227 1
166 288 1
166 303 1
166 329 1
166 378 1
167 196 1
167 203 1
167 255 1
167 260 1
167 265 1
167 293 1
167 354 1
168 50 1
168 186 1
168 211 1
168 221 1
168 237 1
168 298 1
168 299 1
168 351 1
168 355 1
168 374 1
168 495 1
169 72 1
169 196 1
169 200 1
169 220 1
169 225 1
169 256 1
169 278 1
169 298 1
169 306 1
169 315 1
169 326 1
169 327 1
170 244 1
170 246 1
170 278 1
170 306 1
170 309 1
170 315 1
170 319 1
170 327 1
170 329 1
170 333 1
170 348 1
170 425 1
170 495 1
171 6 1
171 202 1
171 206 1
171 225 1
171 251 1
171 264 1
171 275 1
171 409 1
171 460 1
172 40 1
172 205 1
172 231 1
172 236 1
172 248 1
172 268 1
172 269 1
172 288 1
172 300 1
172 311 1
172 327 1
173 95 1
173 188 1
173 202 1
173 238 1
173 272 1
173 274 1
173 289 1
173 299 1
173 300 1
173 336 1
173 429 1
174 64 1
174 170 1
174 178 1
174 187 1
174 195 1
174 212 1
174 228 1
174 238 1
174 242 1
174 251 1
174 252 1
174 253 1
174 292 1
174 299 1
174 303 1
174 313 1
175 63 1
175 197 1
175 209 1
175 210 1
175 221 1
175 227 1
175 230 1
175 237 1
175 249 1
175 254 1
175 275 1
175 280 1
175 286 1
175 300 1
175 326 1
175 476 1
176 24 1
176 47 1
176 51 1
176 91 1
176 207 1
176 221 1
176 239 1
176 242 1
176 282 1
176 285 1
176 289 1
176 294 1
176 307 1
176 311 1
177 139 1
177 182 1
177 196 1
177 197 1
177 209 1
177 214 1
177 243 1
177 286 1
177 301 1
177 316 1
178 58 1
178 130 1
178 150 1
178 169 1
178 171 1
178 186 1
178 196 1
178 223 1
178 242 1
178 244 1
178 255 1
178 294 1
178 322 1
178 326 1
178 452 1
179 169 1
179 182 1
179 195 1
179 211 1
179 231 1
179 262 1
179 263 1
179 409 1
180 114 1
180 181 1
180 192 1
180 203 1
180 218 1
180 230 1
180 241 1
180 242 1
180 259 1
180 275 1
180 288 1
180 415 1
180 482 1
181 92 1
181 166 1
181 170 1
181 178 1
181 183 1
181 198 1
181 219 1
181 251 1
181 253 1
181 322 1
181 329 1
182 174 1
182 203 1
182 243 1
182 245 1
182 257 1
182 283 1
182 309 1
182 311 1
182 313 1
182 420 1
183 138 1
183 174 1
183 185 1
183 207 1
183 220 1
183 230 1
183 257 1
183 260 1
183 301 1
183 302 1
183 343 1
184 16 1
184 56 1
184 201 1
184 235 1
184 250 1
184 255 1
184 257 1
184 272 1
184 288 1
184 301 1
184 312 1
184 330 1
184 498 1
185 40 1
185 129 1
185 169 1
185 182 1
185 191 1
185 195 1
185 203 1
185 209 1
185 228 1
185 277 1
185 283 1
185 294 1
185 314 1
185 315 1
185 381 1
185 444 1
186 69 1
186 102 1
186 167 1
186 190 1
186 231 1
186 258 1
186 273 1
186 274 1
186 310 1
186 331 1
187 173 1
187 203 1
187 212 1
187 219 1
187 228 1
187 252 1
187 264 1
187 267 1
187 287 1
187 298 1
187 309 1
188 107 1
188 176 1
188 196 1
188 216 1
188 247 1
188 253 1
188 255 1
188 256 1
188 282 1
188 290 1
188 304 1
188 438 1
189 47 1
189 108 1
189 211 1
189 231 1
189 238 1
189 244 1
189 263 1
189 273 1
189 274 1
189 278 1
189 309 1
189 362 1
190 183 1
190 239 1
190 254 1
190 289 1
190 303 1
190 308 1
190 407 1
190 440 1
191 7 1
191 190 1
191 231 1
191 239 1
191 271 1
191 277 1
191 283 1
191 325 1
191 343 1
191 355 1
192 11 1
192 174 1
192 208 1
192 209 1
192 231 1
192 241 1
192 249 1
192 250 1
192 258 1
192 279 1
192 313 1
192 322 1
193 18 1
193 51 1
193 173 1
193 185 1
193 195 1
193 211 1
193 212 1
193 230 1
193 259 1
193 266 1
193 303 1
193 308 1
193 321 1
193 326 1
194 87 1
194 156 1
194 161 1
194 178 1
194 182 1
194 211 1
194 226 1
194 255 1
194 278 1
194 281 1
194 288 1
194 302 1
194 317 1
195 12 1
195 139 1
195 140 1
195 148 1
195 176 1
195 179 1
195 190 1
195 201 1
195 214 1
195 222 1
195 225 1
195 275 1
195 298 1
195 301 1
195 302 1
195 318 1
195 323 1
195 327 1
195 330 1
195 346 1
195 392 1
196 111 1
196 167 1
196 172 1
196 179 1
196 206 1
196 222 1
196 224 1
196 230 1
196 247 1
196 257 1
196 299 1
196 322 1
196 326 1
196 373 1
196 442 1
196 496 1
197 172 1
197 175 1
197 177 1
197 195 1
197 234 1
197 249 1
197 273 1
197 277 1
197 292 1
197 301 1
197 313 1
197 316 1
197 321 1
197 324 1
198 48 1
198 170 1
198 183 1
198 187 1
198 196 1
198 233 1
198 248 1
198 256 1
198 279 1
198 289 1
198 306 1
198 314 1
198 406 1
199 60 1
199 166 1
199 239 1
199 244 1
199 245 1
199 262 1
199 268 1
199 278 1
199 282 1
199 297 1
199 298 1
200 173 1
200 246 1
200 282 1
200 303 1
200 305 1
200 320 1
200 431 1
201 178 1
201 223 1
201 236 1
201 240 1
201 278 1
201 319 1
201 322 1
201 486 1
202 216 1
202 228 1
202 267 1
202 276 1
202 287 1
202 290 1
202 291 1
202 381 1
202 457 1
202 487 1
203 18 1
203 189 1
203 193 1
203 222 1
203 233 1
203 237 1
203 295 1
203 298 1
203 304 1
203 308 1
203 320 1
203 329 1
204 172 1
204 194 1
204 219 1
204 230 1
204 239 1
204 241 1
204 268 1
204 276 1
204 292 1
204 329 1
205 39 1
205 43 1
205 52 1
205 235 1
205 269 1
205 270 1
205 283 1
205 297 1
205 306 1
205 399 1
205 420 1
206 22 1
206 175 1
206 187 1
206 220 1
206 243 1
206 283 1
206 287 1
206 298 1
206 313 1
206 330 1
206 362 1
206 435 1
207 107 1
207 122 1
207 131 1
207 192 1
207 214 1
207 250 1
207 266 1
207 292 1
207 295 1
207 304 1
207 371 1
208 14 1
208 75 1
208 112 1
208 166 1
208 179 1
208 209 1
208 211 1
208 216 1
208 268 1
208 292 1
208 301 1
208 325 1
209 61 1
209 176 1
209 180 1
209 186 1
209 192 1
209 193 1
209 198 1
209 204 1
209 231 1
209 251 1
209 257 1
209 262 1
209 265 1
209 284 1
209 290 1
209 299 1
209 440 1
209 474 1
210 146 1
210 206 1
210 209 1
210 235 1
210 279 1
210 317 1
210 444 1
210 470 1
211 7 1
211 86 1
211 99 1
211 158 1
211 191 1
211 208 1
211 248 1
211 271 1
211 292 1
211 321 1
212 190 1
212 196 1
212 230 1
212 232 1
212 249 1
212 254 1
212 280 1
212 283 1
212 303 1
212 316 1
213 223 1
213 236 1
213 239 1
213 286 1
213 302 1
213 311 1
213 319 1
213 409 1
213 442 1
214 105 1
214 114 1
214 166 1
214 188 1
214 210 1
214 221 1
214 242 1
214 275 1
214 280 1
214 293 1
214 303 1
214 308 1
214 313 1
214 314 1
214 328 1
214 330 1
214 347 1
214 352 1
214 412 1
215 9 1
215 183 1
215 214 1
215 219 1
215 252 1
215 329 1
215 452 1
216 56 1
216 188 1
216 196 1
216 222 1
216 226 1
216 240 1
216 244 1
216 245 1
216 268 1
216 274 1
216 286 1
216 455 1
217 172 1
217 180 1
217 186 1
217 204 1
217 208 1
217 216 1
217 221 1
217 244 1
217 256 1
217 267 1
217 280 1
217 297 1
217 310 1
217 318 1
217 470 1
218 60 1
218 124 1
218 163 1
218 177 1
218 179 1
218 196 1
218 200 1
218 203 1
218 250 1
218 277 1
218 370 1
218 459 1
219 167 1
219 198 1
219 216 1
219 230 1
219 234 1
219 246 1
219 251 1
219 271 1
219 283 1
219 290 1
219 299 1
219 307 1
219 316 1
219 317 1
219 330 1
220 55 1
220 114 1
220 132 1
220 175 1
220 178 1
220 192 1
220 194 1
220 199 1
220 207 1
220 221 1
220 258 1
220 265 1
220 331 1
220 483 1
221 31 1
221 167 1
221 180 1
221 237 1
221 238 1
221 242 1
221 253 1
221 260 1
221 261 1
221 267 1
221 274 1
221 485 1
222 185 1
222 187 1
222 198 1
222 204 1
222 232 1
222 290 1
222 301 1
223 131 1
223 193 1
223 199 1
223 228 1
223 269 1
223 272 1
223 274 1
223 293 1
223 294 1
223 314 1
223 319 1
223 328 1
223 476 1
224 79 1
224 86 1
224 135 1
224 178 1
224 193 1
224 194 1
224 197 1
224 201 1
224 202 1
224 213 1
224 230 1
224 238 1
224 251 1
224 253 1
224 289 1
224 330 1
225 53 1
225 127 1
225 168 1
225 173 1
225 177 1
225 197 1
225 211 1
225 217 1
225 235 1
225 259 1
225 266 1
225 273 1
225 277 1
225 291 1
225 317 1
225 495 1
226 109 1
226 177 1
226 206 1
226 211 1
226 222 1
226 223 1
226 265 1
226 272 1
226 285 1
226 302 1
226 304 1
226 306 1
226 372 1
227 13 1
227 91 1
227 127 1
227 193 1
227 223 1
227 256 1
227 269 1
227 305 1
227 308 1
227 315 1
227 383 1
227 413 1
227 421 1
227 427 1
228 8 1
228 149 1
228 171 1
228 247 1
228 273 1
228 290 1
228 293 1
228 416 1
228 422 1
228 488 1
229 62 1
229 118 1
229 167 1
229 169 1
229 175 1
229 211 1
229 247 1
229 258 1
229 266 1
229 295 1
229 301 1
229 303 1
229 330 1
230 167 1
230 173 1
230 203 1
230 221 1
230 226 1
230 290 1
230 305 1
230 320 1
230 322 1
230 330 1
230 414 1
230 487 1
231 201 1
231 204 1
231 214 1
231 240 1
231 249 1
231 295 1
231 303 1
231 325 1
232 160 1
232 224 1
232 228 1
232 238 1
232 249 1
232 275 1
232 285 1
232 291 1
232 386 1
232 447 1
233 173 1
233 181 1
233 186 1
233 211 1
233 244 1
233 249 1
233 315 1
233 321 1
233 329 1
234 35 1
234 117 1
234 203 1
234 236 1
234 240 1
234 242 1
234 243 1
234 254 1
234 262 1
234 279 1
234 281 1
234 285 1
234 289 1
234 325 1
234 331 1
235 41 1
235 55 1
235 76 1
235 176 1
235 186 1
235 188 1
235 195 1
235 236 1
235 252 1
235 263 1
236 71 1
236 95 1
236 153 1
236 190 1
236 195 1
236 246 1
236 254 1
236 275 1
236 282 1
236 292 1
236 296 1
236 319 1
237 171 1
237 209 1
237 212 1
237 249 1
237 250 1
237 273 1
237 275 1
237 300 1
237 311 1
237 316 1
237 325 1
237 331 1
237 474 1
237 484 1
238 93 1
238 196 1
238 201 1
238 211 1
238 240 1
238 244 1
238 260 1
238 270 1
238 291 1
238 303 1
238 355 1
239 171 1
239 199 1
239 205 1
239 215 1
239 240 1
239 253 1
239 288 1
239 303 1
239 310 1
239 324 1
240 169 1
240 170 1
240 175 1
240 184 1
240 241 1
240 250 1
240 268 1
240 276 1
240 285 1
240 298 1
240 316 1
240 327 1
240 477 1
241 7 1
241 172 1
241 180 1
241 198 1
241 206 1
241 214 1
241 257 1
241 275 1
241 293 1
241 395 1
241 485 1
241 493 1
242 45 1
242 181 1
242 183 1
242 188 1
242 190 1
242 232 1
242 272 1
242 323 1
242 346 1
243 64 1
243 89 1
243 166 1
243 178 1
243 190 1
243 200 1
243 216 1
243 222 1
243 253 1
243 292 1
243 322 1
243 326 1
243 389 1
244 219 1
244 251 1
244 260 1
244 302 1
244 321 1
244 324 1
244 391 1
244 414 1
244 420 1
245 159 1
245 208 1
245 239 1
245 249 1
245 271 1
245 281 1
245 293 1
245 302 1
245 305 1
245 306 1
245 307 1
245 322 1
245 363 1
245 410 1
245 474 1
246 97 1
246 102 1
246 205 1
246 211 1
246 214 1
246 235 1
246 241 1
246 253 1
246 268 1
246 283 1
246 302 1
246 317 1
246 430 1
247 23 1
247 169 1
247 205 1
247 241 1
247 252 1
247 264 1
247 340 1
247 361 1
247 454 1
248 173 1
248 176 1
248 185 1
248 239 1
248 251 1
248 280 1
248 308 1
248 314 1
248 321 1
249 176 1
249 192 1
249 206 1
249 228 1
249 255 1
249 273 1
249 305 1
249 313 1
249 323 1
249 324 1
249 342 1
250 80 1
250 97 1
250 175 1
250 227 1
250 270 1
250 291 1
250 302 1
250 307 1
250 315 1
250 325 1
250 327 1
251 30 1
251 170 1
251 180 1
251 183 1
251 223 1
251 248 1
251 267 1
251 309 1
251 371 1
251 391 1
251 469 1
252 82 1
252 169 1
252 175 1
252 242 1
252 261 1
252 275 1
252 309 1
252 331 1
252 474 1
253 88 1
253 228 1
253 239 1
253 288 1
253 324 1
253 468 1
254 129 1
254 155 1
254 172 1
254 173 1
254 190 1
254 249 1
254 263 1
254 264 1
254 265 1
254 271 1
254 294 1
254 316 1
254 317 1
254 320 1
254 399 1
254 450 1
255 174 1
255 197 1
255 203 1
255 230 1
255 240 1
255 257 1
255 279 1
255 290 1
255 411 1
256 178 1
256 179 1
256 185 1
256 217 1
256 229 1
256 250 1
256 266 1
256 285 1
256 315 1
256 326 1
257 140 1
257 166 1
257 197 1
257 201 1
257 206 1
257 252 1
257 326 1
258 163 1
258 190 1
258 192 1
258 222 1
258 241 1
258 249 1
258 284 1
258 296 1
258 325 1
258 465 1
259 76 1
259 168 1
259 212 1
259 224 1
259 251 1
259 285 1
259 326 1
259 327 1
259 462 1
260 180 1
260 184 1
260 212 1
260 256 1
260 322 1
261 171 1
261 182 1
261 190 1
261 232 1
261 259 1
261 263 1
261 277 1
261 279 1
261 302 1
261 354 1
261 387 1
261 418 1
262 123 1
262 157 1
262 236 1
262 256 1
262 275 1
262 306 1
262 308 1
262 314 1
262 325 1
263 83 1
263 136 1
263 168 1
263 178 1
263 184 1
263 207 1
263 217 1
263 220 1
263 227 1
263 246 1
263 276 1
263 277 1
263 281 1
263 284 1
263 309 1
264 71 1
264 148 1
264 233 1
264 250 1
264 293 1
264 472 1
265 84 1
265 173 1
265 192 1
265 231 1
265 319 1
266 70 1
266 174 1
266 219 1
266 224 1
266 231 1
266 233 1
266 239 1
266 240 1
266 274 1
266 305 1
266 320 1
266 323 1
266 358 1
266 403 1
266 476 1
267 111 1
267 172 1
267 181 1
267 203 1
267 247 1
267 249 1
267 269 1
267 270 1
267 274 1
267 284 1
267 313 1
268 170 1
268 171 1
268 198 1
268 200 1
268 204 1
268 222 1
268 238 1
268 239 1
268 240 1
268 253 1
268 255 1
268 331 1
268 361 1
268 478 1
269 168 1
269 192 1
269 225 1
269 238 1
269 273 1
269 279 1
269 286 1
269 288 1
269 295 1
269 306 1
270 53 1
270 199 1
270 205 1
270 218 1
270 298 1
270 322 1
270 328 1
270 380 1
270 399 1
270 495 1
271 76 1
271 112 1
271 178 1
271 210 1
271 221 1
271 246 1
271 280 1
272 71 1
272 230 1
272 241 1
272 255 1
272 265 1
272 275 1
272 313 1
272 413 1
273 37 1
273 141 1
273 146 1
273 166 1
273 216 1
273 225 1
273 232 1
273 256 1
273 262 1
273 277 1
273 301 1
273 323 1
274 64 1
274 166 1
274 174 1
274 232 1
274 287 1
274 327 1
274 435 1
274 471 1
275 43 1
275 170 1
275 206 1
275 211 1
275 230 1
275 267 1
275 281 1
275 292 1
275 300 1
275 312 1
276 173 1
276 212 1
276 249 1
276 258 1
276 259 1
276 302 1
276 307 1
276 308 1
276 317 1
276 360 1
276 447 1
276 492 1
277 184 1
277 230 1
277 261 1
277 290 1
277 319 1
277 392 1
278 185 1
278 195 1
278 235 1
278 239 1
278 240 1
278 247 1
278 263 1
278 269 1
278 279 1
278 292 1
278 322 1
278 328 1
278 400 1
279 77 1
279 184 1
279 216 1
279 234 1
279 236 1
279 257 1
279 263 1
279 284 1
279 291 1
279 307 1
279 309 1
279 317 1
279 491 1
280 156 1
280 233 1
280 293 1
280 305 1
280 308 1
280 314 1
280 448 1
281 97 1
281 101 1
281 145 1
281 163 1
281 213 1
281 232 1
281 241 1
281 245 1
281 273 1
281 282 1
281 287 1
281 468 1
282 32 1
282 181 1
282 198 1
282 201 1
282 219 1
282 248 1
282 263 1
282 272 1
282 273 1
282 279 1
282 287 1
282 315 1
282 326 1
282 331 1
282 400 1
282 422 1
282 432 1
283 3 1
283 188 1
283 226 1
283 242 1
283 278 1
283 328 1
284 177 1
284 207 1
284 224 1
284 226 1
284 245 1
284 277 1
284 300 1
284 306 1
284 321 1
284 353 1
285 78 1
285 178 1
285 202 1
285 234 1
285 240 1
285 294 1
285 303 1
285 315 1
285 330 1
285 499 1
286 116 1
286 171 1
286 185 1
286 195 1
286 205 1
286 206 1
286 260 1
286 314 1
286 359 1
287 4 1
287 82 1
287 199 1
287 213 1
287 229 1
287 234 1
287 239 1
287 247 1
287 285 1
287 292 1
287 324 1
287 329 1
288 30 1
288 52 1
288 70 1
288 183 1
288 190 1
288 200 1
288 246 1
288 251 1
288 270 1
288 287 1
288 432 1
288 450 1
289 8 1
289 217 1
289 246 1
289 267 1
289 276 1
289 282 1
289 313 1
289 329 1
290 33 1
290 65 1
290 117 1
290 180 1
290 181 1
290 192 1
290 193 1
290 212 1
290 217 1
290 242 1
290 268 1
290 269 1
290 280 1
290 316 1
291 173 1
291 222 1
291 227 1
291 273 1
291 278 1
291 305 1
291 394 1
292 121 1
292 145 1
292 149 1
292 216 1
292 218 1
292 225 1
292 248 1
292 277 1
292 281 1
292 297 1
292 303 1
292 324 1
292 366 1
292 466 1
293 73 1
293 105 1
293 159 1
293 178 1
293 236 1
293 247 1
293 314 1
293 340 1
293 471 1
294 193 1
294 207 1
294 219 1
294 231 1
294 255 1
294 258 1
294 273 1
294 278 1
294 295 1
294 310 1
294 322 1
294 325 1
294 381 1
294 477 1
295 179 1
295 191 1
295 211 1
295 221 1
295 268 1
295 285 1
295 329 1
295 466 1
296 104 1
296 150 1
296 173 1
296 216 1
296 218 1
296 222 1
296 272 1
296 308 1
297 176 1
297 192 1
297 213 1
297 215 1
297 263 1
297 268 1
297 270 1
297 272 1
297 285 1
297 303 1
297 338 1
298 174 1
298 222 1
298 260 1
298 268 1
298 324 1
298 389 1
299 37 1
299 83 1
299 229 1
299 297 1
299 312 1
299 324 1
299 328 1
299 408 1
299 441 1
299 495 1
300 165 1
300 195 1
300 197 1
300 246 1
300 269 1
300 273 1
300 301 1
300 305 1
300 459 1
300 480 1
301 20 1
301 59 1
301 64 1
301 129 1
301 169 1
301 172 1
301 176 1
301 205 1
301 215 1
301 222 1
301 250 1
301 257 1
301 269 1
301 288 1
301 295 1
301 298 1
301 304 1
301 306 1
301 310 1
301 327 1
301 382 1
302 5 1
302 87 1
302 194 1
302 255 1
302 263 1
302 264 1
302 269 1
302 288 1
302 290 1
302 291 1
302 383 1
303 107 1
303 174 1
303 181 1
303 182 1
303 189 1
303 194 1
303 199 1
303 212 1
303 222 1
303 252 1
303 280 1
303 285 1
303 286 1
303 299 1
303 315 1
303 326 1
304 167 1
304 182 1
304 185 1
304 188 1
304 218 1
304 222 1
304 252 1
304 253 1
304 295 1
304 296 1
304 302 1
304 349 1
304 366 1
304 443 1
304 445 1
305 200 1
305 230 1
305 237 1
305 238 1
305 262 1
305 287 1
305 295 1
305 301 1
305 302 1
305 399 1
306 54 1
306 136 1
306 186 1
306 213 1
306 228 1
306 237 1
306 244 1
306 315 1
306 330 1
307 56 1
307 128 1
307 176 1
307 229 1
307 249 1
307 271 1
307 324 1
308 148 1
308 173 1
308 178 1
308 180 1
308 192 1
308 242 1
308 261 1
308 303 1
308 395 1
308 465 1
309 96 1
309 179 1
309 260 1
309 262 1
309 274 1
309 278 1
309 282 1
309 285 1
309 290 1
309 306 1
310 193 1
310 244 1
310 250 1
310 252 1
310 269 1
310 276 1
310 308 1
311 102 1
311 171 1
311 203 1
311 247 1
311 297 1
311 301 1
311 370 1
312 91 1
312 101 1
312 134 1
312 172 1
312 174 1
312 200 1
312 205 1
312 242 1
312 255 1
312 264 1
312 294 1
312 310 1
312 332 1
313 153 1
313 192 1
313 231 1
313 234 1
313 245 1
313 309 1
313 320 1
314 80 1
314 179 1
314 196 1
314 216 1
314 227 1
314 228 1
314 239 1
314 271 1
314 297 1
314 315 1
314 413 1
314 425 1
315 43 1
315 146 1
315 179 1
315 207 1
315 216 1
315 229 1
315 254 1
315 260 1
315 307 1
315 313 1
315 319 1
316 196 1
316 206 1
316 287 1
316 317 1
316 366 1
316 377 1
317 114 1
317 180 1
317 192 1
317 197 1
317 253 1
317 254 1
317 305 1
317 313 1
317 327 1
317 346 1
317 385 1
318 184 1
318 185 1
318 235 1
318 252 1
318 272 1
318 283 1
318 297 1
318 308 1
319 51 1
319 119 1
319 210 1
319 215 1
319 232 1
319 252 1
319 263 1
319 270 1
319 277 1
319 306 1
319 308 1
319 317 1
319 326 1
319 412 1
320 2 1
320 47 1
320 60 1
320 183 1
320 199 1
320 200 1
320 215 1
320 221 1
320 241 1
320 249 1
320 295 1
320 342 1
320 367 1
321 189 1
321 190 1
321 218 1
321 275 1
321 311 1
321 324 1
321 326 1
321 328 1
321 331 1
321 339 1
322 64 1
322 190 1
322 225 1
322 230 1
322 235 1
322 241 1
322 280 1
322 293 1
322 329 1
322 379 1
323 0 1
323 167 1
323 225 1
323 253 1
323 255 1
323 482 1
324 48 1
324 170 1
324 202 1
324 209 1
324 223 1
324 228 1
324 230 1
324 256 1
324 260 1
324 304 1
325 14 1
325 203 1
325 207 1
325 233 1
325 256 1
325 277 1
325 282 1
325 298 1
325 303 1
325 319 1
325 457 1
326 56 1
326 100 1
326 129 1
326 167 1
326 175 1
326 188 1
326 233 1
326 273 1
326 293 1
326 312 1
326 322 1
326 397 1
326 476 1
327 113 1
327 172 1
327 195 1
327 230 1
327 251 1
327 268 1
327 276 1
327 304 1
327 310 1
327 317 1
327 365 1
327 412 1
327 444 1
327 460 1
328 94 1
328 167 1
328 185 1
328 188 1
328 200 1
328 206 1
328 209 1
328 225 1
328 240 1
328 245 1
328 253 1
328 256 1
328 257 1
328 283 1
328 331 1
329 52 1
329 170 1
329 198 1
329 204 1
329 230 1
329 248 1
329 258 1
329 292 1
329 300 1
329 308 1
329 318 1
329 324 1
329 356 1
329 465 1
330 14 1
330 56 1
330 167 1
330 175 1
330 212 1
330 239 1
330 243 1
330 247 1
330 248 1
330 274 1
330 278 1
330 297 1
330 304 1
330 331 1
330 456 1
331 102 1
331 185 1
331 196 1
331 201 1
331 274 1
331 296 1
331 304 1
331 308 1
331 315 1
331 423 1
332 355 1
332 377 1
332 381 1
332 403 1
332 484 1
332 498 1
333 163 1
333 170 1
333 178 1
333 359 1
333 379 1
333 421 1
333 437 1
333 440 1
333 441 1
333 482 1
333 492 1
333 498 1
334 5 1
334 54 1
334 122 1
334 342 1
334 346 1
334 355 1
334 357 1
334 368 1
334 427 1
334 454 1
334 478 1
334 479 1
335 49 1
335 197 1
335 354 1
335 392 1
335 429 1
335 431 1
335 448 1
335 453 1
336 251 1
336 262 1
336 280 1
336 301 1
336 329 1
336 370 1
336 387 1
336 389 1
336 407 1
336 415 1
336 422 1
336 442 1
336 447 1
336 449 1
336 452 1
336 455 1
336 482 1
336 483 1
337 157 1
337 228 1
337 252 1
337 335 1
337 366 1
337 373 1
337 384 1
337 390 1
337 391 1
337 412 1
337 418 1
337 437 1
337 445 1
337 447 1
337 461 1
337 463 1
337 498 1
338 195 1
338 265 1
338 341 1
338 370 1
338 376 1
338 377 1
338 468 1
338 479 1
338 490 1
339 156 1
339 350 1
339 365 1
339 380 1
339 385 1
339 391 1
339 392 1
339 402 1
339 404 1
339 412 1
339 441 1
339 452 1
339 458 1
339 464 1
339 472 1
340 89 1
340 97 1
340 188 1
340 303 1
340 344 1
340 432 1
340 448 1
341 209 1
341 292 1
341 308 1
341 327 1
341 340 1
341 359 1
341 382 1
341 399 1
341 429 1
341 438 1
341 455 1
341 488 1
341 489 1
341 495 1
341 499 1
342 335 1
342 364 1
342 378 1
342 382 1
342 388 1
342 432 1
342 450 1
342 451 1
342 472 1
342 476 1
342 484 1
343 68 1
343 340 1
343 349 1
343 367 1
343 377 1
343 381 1
343 392 1
343 418 1
343 441 1
343 447 1
343 467 1
343 468 1
344 260 1
344 345 1
344 351 1
344 360 1
344 386 1
344 434 1
344 440 1
344 441 1
344 468 1
344 488 1
344 489 1
344 495 1
345 342 1
345 356 1
345 360 1
345 387 1
345 422 1
345 441 1
345 460 1
345 497 1
345 499 1
346 58 1
346 186 1
346 298 1
346 343 1
346 351 1
346 353 1
346 359 1
346 365 1
346 371 1
346 382 1
346 395 1
346 414 1
346 415 1
346 416 1
346 422 1
346 424 1
346 426 1
346 437 1
346 449 1
346 492 1
346 493 1
347 341 1
347 360 1
347 362 1
347 367 1
347 376 1
347 422 1
347 468 1
348 332 1
348 356 1
348 408 1
348 410 1
348 444 1
348 463 1
348 470 1
348 476 1
349 75 1
349 119 1
349 338 1
349 345 1
349 354 1
349 369 1
349 373 1
349 387 1
349 392 1
349 416 1
349 422 1
349 436 1
349 437 1
349 438 1
349 468 1
350 66 1
350 138 1
350 354 1
350 365 1
350 380 1
350 392 1
350 395 1
350 411 1
350 416 1
350 425 1
350 427 1
350 434 1
350 435 1
350 457 1
351 333 1
351 335 1
351 356 1
351 376 1
351 380 1
351 460 1
351 469 1
351 474 1
351 485 1
352 101 1
352 146 1
352 355 1
352 427 1
352 438 1
352 461 1
352 475 1
352 488 1
352 491 1
353 140 1
353 334 1
353 337 1
353 340 1
353 445 1
353 459 1
353 494 1
354 62 1
354 217 1
354 261 1
354 327 1
354 361 1
354 363 1
354 376 1
354 381 1
354 398 1
354 410 1
354 451 1
354 458 1
354 464 1
354 481 1
354 482 1
354 493 1
355 29 1
355 191 1
355 341 1
355 404 1
355 405 1
355 444 1
355 477 1
356 22 1
356 340 1
356 366 1
356 381 1
356 398 1
356 415 1
356 421 1
356 431 1
356 490 1
357 332 1
357 378 1
357 436 1
357 488 1
357 494 1
358 46 1
358 121 1
358 255 1
358 319 1
358 322 1
358 346 1
358 349 1
358 371 1
358 373 1
358 374 1
358 425 1
358 446 1
358 453 1
358 471 1
358 499 1
359 28 1
359 184 1
359 188 1
359 391 1
359 401 1
359 425 1
359 430 1
359 436 1
359 480 1
359 491 1
359 496 1
360 7 1
360 26 1
360 356 1
360 359 1
360 384 1
360 400 1
360 463 1
360 493 1
361 94 1
361 115 1
361 332 1
361 358 1
361 368 1
361 381 1
361 410 1
361 440 1
361 448 1
361 459 1
361 462 1
362 189 1
362 239 1
362 322 1
362 330 1
362 350 1
362 358 1
362 374 1
362 377 1
362 431 1
362 468 1
362 488 1
362 497 1
362 499 1
363 126 1
363 176 1
363 245 1
363 303 1
363 347 1
363 426 1
363 428 1
364 222 1
364 358 1
364 386 1
364 387 1
364 390 1
364 402 1
364 405 1
364 411 1
364 431 1
364 456 1
364 463 1
364 468 1
364 496 1
365 22 1
365 151 1
365 339 1
365 376 1
365 404 1
365 436 1
365 491 1
365 492 1
365 496 1
366 48 1
366 360 1
366 397 1
366 403 1
366 422 1
366 440 1
366 473 1
366 482 1
366 488 1
366 489 1
367 87 1
367 200 1
367 254 1
367 296 1
367 320 1
367 351 1
367 366 1
367 382 1
367 392 1
367 393 1
367 427 1
367 449 1
367 450 1
367 458 1
367 482 1
367 487 1
367 494 1
368 60 1
368 431 1
368 457 1
368 471 1
368 482 1
368 487 1
369 36 1
369 88 1
369 91 1
369 335 1
369 380 1
369 419 1
369 445 1
369 477 1
369 495 1
370 260 1
370 293 1
370 308 1
370 311 1
370 340 1
370 345 1
370 367 1
370 392 1
370 401 1
370 403 1
370 427 1
370 465 1
370 484 1
370 489 1
371 64 1
371 389 1
371 395 1
371 413 1
371 416 1
371 430 1
372 151 1
372 315 1
372 337 1
372 356 1
372 357 1
372 368 1
372 399 1
372 419 1
372 443 1
372 458 1
372 466 1
372 484 1
372 485 1
373 172 1
373 337 1
373 345 1
373 420 1
373 447 1
373 459 1
373 466 1
373 482 1
374 108 1
374 139 1
374 237 1
374 246 1
374 346 1
374 352 1
374 387 1
374 429 1
374 445 1
374 447 1
374 449 1
374 456 1
374 459 1
374 464 1
374 465 1
374 467 1
374 493 1
375 37 1
375 335 1
375 345 1
375 359 1
375 378 1
375 391 1
375 401 1
375 446 1
375 463 1
375 487 1
375 489 1
376 195 1
376 276 1
376 283 1
376 347 1
376 372 1
376 397 1
376 429 1
376 432 1
376 440 1
376 442 1
376 469 1
376 471 1
377 200 1
377 242 1
377 332 1
377 335 1
377 336 1
377 362 1
377 381 1
377 437 1
377 440 1
377 448 1
377 454 1
377 472 1
377 490 1
377 498 1
378 164 1
378 243 1
378 352 1
378 364 1
378 385 1
378 398 1
378 414 1
378 486 1
379 175 1
379 255 1
379 349 1
379 355 1
379 374 1
379 384 1
379 424 1
379 431 1
379 457 1
379 467 1
379 492 1
380 82 1
380 348 1
380 397 1
380 418 1
380 420 1
380 429 1
380 432 1
380 438 1
380 450 1
380 452 1
380 456 1
380 466 1
381 104 1
381 290 1
381 369 1
381 402 1
381 405 1
381 414 1
381 423 1
381 428 1
381 445 1
381 499 1
382 157 1
382 356 1
382 358 1
382 389 1
382 396 1
382 398 1
382 434 1
382 440 1
382 444 1
382 451 1
382 469 1
383 26 1
383 81 1
383 129 1
383 169 1
383 198 1
383 240 1
383 338 1
383 367 1
383 372 1
383 382 1
383 386 1
383 388 1
383 400 1
383 401 1
383 454 1
383 486 1
383 493 1
383 494 1
384 0 1
384 61 1
384 204 1
384 367 1
384 381 1
384 395 1
384 405 1
384 487 1
384 496 1
385 331 1
385 335 1
385 387 1
385 388 1
385 397 1
385 404 1
385 423 1
385 432 1
385 436 1
385 477 1
385 489 1
386 49 1
386 73 1
386 134 1
386 404 1
386 433 1
386 442 1
386 456 1
386 462 1
386 466 1
386 486 1
386 494 1
386 497 1
387 19 1
387 256 1
387 341 1
387 354 1
387 374 1
387 442 1
387 447 1
387 465 1
387 496 1
388 84 1
388 138 1
388 344 1
388 390 1
388 409 1
388 418 1
388 462 1
389 65 1
389 259 1
389 349 1
389 357 1
389 385 1
389 396 1
389 418 1
389 421 1
389 451 1
389 460 1
389 472 1
389 477 1
389 493 1
390 28 1
390 29 1
390 55 1
390 134 1
390 344 1
390 349 1
390 364 1
390 372 1
390 393 1
390 399 1
390 408 1
390 440 1
390 455 1
390 456 1
390 474 1
390 475 1
391 311 1
391 343 1
391 389 1
391 401 1
391 416 1
391 422 1
391 430 1
391 458 1
391 485 1
392 124 1
392 162 1
392 240 1
392 354 1
392 380 1
392 386 1
392 394 1
392 425 1
392 427 1
392 434 1
392 440 1
392 482 1
392 494 1
393 13 1
393 232 1
393 332 1
393 363 1
393 401 1
393 444 1
393 445 1
393 466 1
393 479 1
394 292 1
394 324 1
394 333 1
394 342 1
394 386 1
394 420 1
394 435 1
394 439 1
394 460 1
394 462 1
395 138 1
395 241 1
395 348 1
395 355 1
395 370 1
395 428 1
395 449 1
395 459 1
395 468 1
395 482 1
395 488 1
396 32 1
396 64 1
396 379 1
396 437 1
396 492 1
397 28 1
397 100 1
397 188 1
397 359 1
397 372 1
397 374 1
397 403 1
397 448 1
397 457 1
397 466 1
397 469 1
397 480 1
397 490 1
398 51 1
398 178 1
398 352 1
398 353 1
398 356 1
398 363 1
398 366 1
398 376 1
398 412 1
398 414 1
398 450 1
398 469 1
398 480 1
398 490 1
399 88 1
399 186 1
399 340 1
399 354 1
399 355 1
399 362 1
399 365 1
399 384 1
399 392 1
399 393 1
399 407 1
399 426 1
399 436 1
399 448 1
399 469 1
400 278 1
400 370 1
400 393 1
400 414 1
400 437 1
400 454 1
400 465 1
400 470 1
400 481 1
400 486 1
400 498 1
401 63 1
401 161 1
401 186 1
401 351 1
401 356 1
401 386 1
401 412 1
401 416 1
401 423 1
401 426 1
401 446 1
402 95 1
402 348 1
402 352 1
402 360 1
402 375 1
402 411 1
402 415 1
402 476 1
402 486 1
402 498 1
403 93 1
403 266 1
403 341 1
403 345 1
403 361 1
403 376 1
403 378 1
403 399 1
403 406 1
403 407 1
403 410 1
403 430 1
403 441 1
403 442 1
403 447 1
403 466 1
404 21 1
404 351 1
404 354 1
404 360 1
404 400 1
404 445 1
404 470 1
405 335 1
405 363 1
405 379 1
405 384 1
405 406 1
405 421 1
405 441 1
405 496 1
406 247 1
406 261 1
406 334 1
406 349 1
406 350 1
406 376 1
406 394 1
406 407 1
406 412 1
406 424 1
406 447 1
406 464 1
406 481 1
406 492 1
406 494 1
406 498 1
407 237 1
407 348 1
407 405 1
407 410 1
407 452 1
407 482 1
407 487 1
407 488 1
408 357 1
408 362 1
408 365 1
408 423 1
408 456 1
408 491 1
408 492 1
409 120 1
409 212 1
409 213 1
409 339 1
409 370 1
409 374 1
409 381 1
409 408 1
409 448 1
409 476 1
409 496 1
410 37 1
410 80 1
410 108 1
410 123 1
410 339 1
410 343 1
410 393 1
410 398 1
410 418 1
410 437 1
410 441 1
410 452 1
410 480 1
410 482 1
410 491 1
411 267 1
411 335 1
411 366 1
411 374 1
411 384 1
411 403 1
411 420 1
411 425 1
411 438 1
411 467 1
411 498 1
412 191 1
412 365 1
412 367 1
412 370 1
412 374 1
412 411 1
412 418 1
412 470 1
412 481 1
412 494 1
413 82 1
413 106 1
413 111 1
413 298 1
413 334 1
413 366 1
413 404 1
413 435 1
413 464 1
413 477 1
413 487 1
413 488 1
413 499 1
414 338 1
414 347 1
414 388 1
414 394 1
414 401 1
414 427 1
414 440 1
415 317 1
415 379 1
415 384 1
415 386 1
415 436 1
415 443 1
415 462 1
415 481 1
416 61 1
416 336 1
416 340 1
416 356 1
416 357 1
416 378 1
416 429 1
416 442 1
416 453 1
416 456 1
416 472 1
416 496 1
416 497 1
417 9 1
417 130 1
417 334 1
417 349 1
417 352 1
417 380 1
417 391 1
417 397 1
417 414 1
417 426 1
417 472 1
417 493 1
418 105 1
418 381 1
418 402 1
418 403 1
418 407 1
418 434 1
418 435 1
418 495 1
419 85 1
419 342 1
419 368 1
419 372 1
419 381 1
419 394 1
419 395 1
419 408 1
419 420 1
419 434 1
419 449 1
419 456 1
419 460 1
419 477 1
419 478 1
419 489 1
420 20 1
420 127 1
420 345 1
420 418 1
420 443 1
420 488 1
421 227 1
421 321 1
421 340 1
421 414 1
421 431 1
421 450 1
421 455 1
421 467 1
421 481 1
422 91 1
422 180 1
422 223 1
422 359 1
422 427 1
422 429 1
422 446 1
422 467 1
422 469 1
422 485 1
422 486 1
422 498 1
423 40 1
423 331 1
423 341 1
423 347 1
423 348 1
423 374 1
423 424 1
423 427 1
423 456 1
424 66 1
424 340 1
424 353 1
424 355 1
424 409 1
424 418 1
424 434 1
424 444 1
424 475 1
424 476 1
425 345 1
425 372 1
425 416 1
425 428 1
425 441 1
425 468 1
425 478 1
425 498 1
426 290 1
426 313 1
426 340 1
426 350 1
426 375 1
426 379 1
426 444 1
426 462 1
426 487 1
426 492 1
426 496 1
427 350 1
427 402 1
427 434 1
427 470 1
427 484 1
427 485 1
428 61 1
428 253 1
428 355 1
428 366 1
428 400 1
428 420 1
428 469 1
428 477 1
429 20 1
429 40 1
429 54 1
429 201 1
429 278 1
429 334 1
429 356 1
429 410 1
429 415 1
429 467 1
429 477 1
429 498 1
430 339 1
430 362 1
430 396 1
430 406 1
430 436 1
430 438 1
430 461 1
431 64 1
431 200 1
431 339 1
431 349 1
431 357 1
431 370 1
431 382 1
431 386 1
431 388 1
431 456 1
431 474 1
431 499 1
432 245 1
432 346 1
432 350 1
432 362 1
432 419 1
432 427 1
432 444 1
433 25 1
433 190 1
433 275 1
433 358 1
433 374 1
433 378 1
433 380 1
433 391 1
433 434 1
433 466 1
433 469 1
433 481 1
434 38 1
434 94 1
434 334 1
434 339 1
434 346 1
434 357 1
434 368 1
434 374 1
434 383 1
434 395 1
434 411 1
434 416 1
434 428 1
434 432 1
434 437 1
434 440 1
434 453 1
434 479 1
434 492 1
434 494 1
435 21 1
435 27 1
435 120 1
435 226 1
435 359 1
435 379 1
435 382 1
435 387 1
435 393 1
435 398 1
435 402 1
435 407 1
435 432 1
435 471 1
435 475 1
435 477 1
435 479 1
435 490 1
436 24 1
436 39 1
436 95 1
436 224 1
436 333 1
436 359 1
436 364 1
436 368 1
436 383 1
436 398 1
436 420 1
436 456 1
436 457 1
436 461 1
436 498 1
437 8 1
437 34 1
437 139 1
437 292 1
437 337 1
437 348 1
437 351 1
437 359 1
437 389 1
437 398 1
437 405 1
437 410 1
437 465 1
437 471 1
437 474 1
437 478 1
437 499 1
438 212 1
438 334 1
438 360 1
438 376 1
438 396 1
438 397 1
438 404 1
438 408 1
438 414 1
438 424 1
438 429 1
438 464 1
438 476 1
438 487 1
439 3 1
439 75 1
439 155 1
439 343 1
439 381 1
439 402 1
439 409 1
439 414 1
439 425 1
439 433 1
439 465 1
439 484 1
439 494 1
440 354 1
440 369 1
440 374 1
440 376 1
440 379 1
440 392 1
440 411 1
440 416 1
440 453 1
440 458 1
440 467 1
440 496 1
440 497 1
441 158 1
441 188 1
441 369 1
441 401 1
441 406 1
441 439 1
441 448 1
441 453 1
441 454 1
442 227 1
442 337 1
442 368 1
442 381 1
442 399 1
442 420 1
442 435 1
442 444 1
442 451 1
442 473 1
443 11 1
443 339 1
443 364 1
443 373 1
443 406 1
443 431 1
443 440 1
443 450 1
443 486 1
443 487 1
444 3 1
444 77 1
444 198 1
444 210 1
444 348 1
444 350 1
444 362 1
444 367 1
444 393 1
444 433 1
444 435 1
444 441 1
444 455 1
444 462 1
444 465 1
444 496 1
445 114 1
445 341 1
445 377 1
445 438 1
445 447 1
445 469 1
445 481 1
445 493 1
446 159 1
446 337 1
446 342 1
446 354 1
446 356 1
446 383 1
446 386 1
446 409 1
446 415 1
446 433 1
446 457 1
446 475 1
447 48 1
447 155 1
447 224 1
447 314 1
447 343 1
447 388 1
447 424 1
447 437 1
447 476 1
447 492 1
448 353 1
448 395 1
448 444 1
448 454 1
448 459 1
448 474 1
448 481 1
449 0 1
449 275 1
449 294 1
449 342 1
449 344 1
449 347 1
449 363 1
449 381 1
449 393 1
449 401 1
449 409 1
449 432 1
449 481 1
450 7 1
450 165 1
450 332 1
450 344 1
450 363 1
450 381 1
450 417 1
450 424 1
450 459 1
450 470 1
450 484 1
451 44 1
451 144 1
451 365 1
451 367 1
451 373 1
451 378 1
451 391 1
451 413 1
451 421 1
451 430 1
451 434 1
451 441 1
451 485 1
451 491 1
452 4 1
452 162 1
452 334 1
452 360 1
452 366 1
452 390 1
452 391 1
452 405 1
452 433 1
452 455 1
453 259 1
453 387 1
453 496 1
454 119 1
454 247 1
454 342 1
454 357 1
454 358 1
454 374 1
454 379 1
454 412 1
454 424 1
454 481 1
454 483 1
455 334 1
455 384 1
455 389 1
455 441 1
455 463 1
455 482 1
455 486 1
456 59 1
456 176 1
456 333 1
456 365 1
456 392 1
456 418 1
456 426 1
456 427 1
456 437 1
456 462 1
456 471 1
456 487 1
457 184 1
457 338 1
457 354 1
457 357 1
457 361 1
457 384 1
457 425 1
457 435 1
457 458 1
457 464 1
457 499 1
458 51 1
458 247 1
458 340 1
458 384 1
458 407 1
458 420 1
458 447 1
458 494 1
458 498 1
459 3 1
459 190 1
459 201 1
459 256 1
459 271 1
459 327 1
459 398 1
459 411 1
459 412 1
459 413 1
459 425 1
459 429 1
459 485 1
460 63 1
460 95 1
460 348 1
460 451 1
460 457 1
460 468 1
460 476 1
460 496 1
461 14 1
461 130 1
461 343 1
461 344 1
461 354 1
461 434 1
461 476 1
461 497 1
462 103 1
462 334 1
462 337 1
462 341 1
462 365 1
462 427 1
462 428 1
462 433 1
462 439 1
462 473 1
462 478 1
462 492 1
463 97 1
463 240 1
463 305 1
463 334 1
463 345 1
463 355 1
463 360 1
463 374 1
463 393 1
463 430 1
463 440 1
463 445 1
463 472 1
463 476 1
464 265 1
464 342 1
464 388 1
464 399 1
464 413 1
464 414 1
464 419 1
464 446 1
464 496 1
465 22 1
465 197 1
465 258 1
465 301 1
465 308 1
465 335 1
465 349 1
465 354 1
465 364 1
465 402 1
465 409 1
465 413 1
465 435 1
465 437 1
465 459 1
466 292 1
466 323 1
466 342 1
466 343 1
466 352 1
466 362 1
466 364 1
466 366 1
466 377 1
466 392 1
466 404 1
466 422 1
466 437 1
466 461 1
466 469 1
466 496 1
467 310 1
467 352 1
467 359 1
467 378 1
467 387 1
467 395 1
467 397 1
467 434 1
467 485 1
467 493 1
468 0 1
468 194 1
468 332 1
468 335 1
468 366 1
468 370 1
468 403 1
468 414 1
468 425 1
468 434 1
468 446 1
468 481 1
468 484 1
469 340 1
469 344 1
469 349 1
469 412 1
469 420 1
469 426 1
469 427 1
469 447 1
469 448 1
470 126 1
470 128 1
470 163 1
470 200 1
470 337 1
470 340 1
470 359 1
470 370 1
470 373 1
470 433 1
470 448 1
470 462 1
470 466 1
470 469 1
470 475 1
470 483 1
471 57 1
471 115 1
471 394 1
471 401 1
471 421 1
471 422 1
471 431 1
471 439 1
471 452 1
471 455 1
471 464 1
471 476 1
471 478 1
472 38 1
472 81 1
472 265 1
472 324 1
472 344 1
472 379 1
472 386 1
472 398 1
472 406 1
472 426 1
472 428 1
472 442 1
472 496 1
473 37 1
473 103 1
473 109 1
473 147 1
473 151 1
473 364 1
473 391 1
473 400 1
473 405 1
473 415 1
473 421 1
473 429 1
473 437 1
473 486 1
474 72 1
474 132 1
474 313 1
474 350 1
474 375 1
474 383 1
474 384 1
474 412 1
474 413 1
474 417 1
474 433 1
474 450 1
474 488 1
474 499 1
475 157 1
475 340 1
475 341 1
475 343 1
475 421 1
475 424 1
475 425 1
476 20 1
476 29 1
476 72 1
476 169 1
476 257 1
476 298 1
476 353 1
476 375 1
476 383 1
476 431 1
476 434 1
476 439 1
476 452 1
477 30 1
477 32 1
477 99 1
477 232 1
477 256 1
477 340 1
477 344 1
477 349 1
477 351 1
477 362 1
477 404 1
477 457 1
477 458 1
477 498 1
478 143 1
478 259 1
478 291 1
478 336 1
478 347 1
478 369 1
478 375 1
478 378 1
478 462 1
478 469 1
478 485 1
478 486 1
478 491 1
478 493 1
479 60 1
479 156 1
479 341 1
479 366 1
479 389 1
479 404 1
479 415 1
479 420 1
479 452 1
479 453 1
479 465 1
479 482 1
479 486 1
480 375 1
480 380 1
480 390 1
480 408 1
480 413 1
480 453 1
481 208 1
481 241 1
481 295 1
481 335 1
481 375 1
481 376 1
481 388 1
481 396 1
481 402 1
481 409 1
481 475 1
481 485 1
482 97 1
482 214 1
482 370 1
482 448 1
482 476 1
482 480 1
483 85 1
483 334 1
483 344 1
483 350 1
483 354 1
483 366 1
483 378 1
483 415 1
483 417 1
483 425 1
483 442 1
483 493 1
483 496 1
484 142 1
484 338 1
484 341 1
484 351 1
484 370 1
484 381 1
484 398 1
484 406 1
484 411 1
484 439 1
484 443 1
484 477 1
484 488 1
484 496 1
485 85 1
485 334 1
485 359 1
485 367 1
485 386 1
485 389 1
485 406 1
485 424 1
485 430 1
485 432 1
485 433 1
485 483 1
486 162 1
486 201 1
486 339 1
486 354 1
486 380 1
486 403 1
486 420 1
486 433 1
486 457 1
486 483 1
486 493 1
486 499 1
487 43 1
487 152 1
487 204 1
487 283 1
487 384 1
487 431 1
487 437 1
487 470 1
488 87 1
488 141 1
488 190 1
488 367 1
488 369 1
488 377 1
488 384 1
488 387 1
488 414 1
488 434 1
488 462 1
489 48 1
489 177 1
489 214 1
489 294 1
489 397 1
489 400 1
489 412 1
489 437 1
489 458 1
489 463 1
489 488 1
490 193 1
490 199 1
490 359 1
490 363 1
490 370 1
490 383 1
490 401 1
490 440 1
490 457 1
490 477 1
490 488 1
491 1 1
491 84 1
491 96 1
491 153 1
491 356 1
491 379 1
491 383 1
491 397 1
491 414 1
491 457 1
491 458 1
491 476 1
492 276 1
492 354 1
492 364 1
492 371 1
492 376 1
492 382 1
492 385 1
492 391 1
492 417 1
492 433 1
492 464 1
492 486 1
493 114 1
493 157 1
493 270 1
493 345 1
493 362 1
493 364 1
493 394 1
493 422 1
493 437 1
493 438 1
493 456 1
493 475 1
493 499 1
494 83 1
494 320 1
494 334 1
494 338 1
494 356 1
494 374 1
494 392 1
494 401 1
494 402 1
494 414 1
494 476 1
495 2 1
495 85 1
495 299 1
495 339 1
495 358 1
495 431 1
495 441 1
495 446 1
495 450 1
495 460 1
495 479 1
496 60 1
496 333 1
496 348 1
496 350 1
496 392 1
496 430 1
496 433 1
496 443 1
496 474 1
497 11 1
497 185 1
497 278 1
497 346 1
497 358 1
497 389 1
497 398 1
497 440 1
497 447 1
498 122 1
498 257 1
498 274 1
498 296 1
498 326 1
498 341 1
498 353 1
498 359 1
498 365 1
498 366 1
498 372 1
498 416 1
498 432 1
498 437 1
498 445 1
498 462 1
498 474 1
498 491 1
499 20 1
499 68 1
499 344 1
499 352 1
499 363 1
499 367 1
499 391 1
499 428 1
499 449 1
499 454 1
499 495 1
